timestamp,open,high,low,close,volume
2023-12-29 00:00:00.000000,29.69,29.8,29.47,29.67,2127500.0
2023-12-28 00:00:00.000000,29.72,29.94,29.65,29.74,1779500.0
2023-12-27 00:00:00.000000,29.83,29.97,29.65,29.7,1869700.0
2023-12-26 00:00:00.000000,29.75,29.92,29.42,29.88,2209800.0
2023-12-22 00:00:00.000000,30.09,30.33,29.58,29.81,2640600.0
2023-12-21 00:00:00.000000,29.55,30.02,29.34,29.97,3759000.0
2023-12-20 00:00:00.000000,29.97,30.07,29.4,29.44,3223000.0
2023-12-19 00:00:00.000000,29.72,29.97,29.6,29.95,3781600.0
2023-12-18 00:00:00.000000,29.96,30.02,29.5,29.65,4226900.0
2023-12-15 00:00:00.000000,30.11,30.25,29.53,29.78,10701500.0
2023-12-14 00:00:00.000000,29.97,30.75,29.82,30.07,5498700.0
2023-12-13 00:00:00.000000,28.98,29.6,28.74,29.55,4047900.0
2023-12-12 00:00:00.000000,29.76,29.8,28.98,29.1,2965100.0
2023-12-11 00:00:00.000000,29.96,30.07,29.61,29.69,2993800.0
2023-12-08 00:00:00.000000,29.39,30.16,29.36,29.94,5149500.0
2023-12-07 00:00:00.000000,29.24,29.59,29.17,29.33,3705800.0
2023-12-06 00:00:00.000000,29.56,29.68,29.16,29.21,3936400.0
2023-12-05 00:00:00.000000,30.21,30.21,29.03,29.48,4966000.0
2023-12-04 00:00:00.000000,30.1,30.36,29.97,30.25,5883400.0
2023-12-01 00:00:00.000000,29.6,30.39,29.54,30.2,5337000.0
2023-11-30 00:00:00.000000,29.59,29.77,29.28,29.54,6639100.0
2023-11-29 00:00:00.000000,29.94,30.08,29.36,29.58,4236900.0
2023-11-28 00:00:00.000000,30.16,30.27,29.81,29.86,3488700.0
2023-11-27 00:00:00.000000,30.37,30.44,30.12,30.22,4520000.0
2023-11-24 00:00:00.000000,30.47,30.63,30.43,30.47,1442700.0
2023-11-22 00:00:00.000000,30.38,30.51,30.12,30.36,5662900.0
2023-11-21 00:00:00.000000,30.67,30.87,30.23,30.31,7439200.0
2023-11-20 00:00:00.000000,30.39,30.85,30.27,30.64,5725100.0
2023-11-17 00:00:00.000000,30.33,30.49,30.14,30.36,3644300.0
2023-11-16 00:00:00.000000,30.56,30.72,29.82,30.08,8912200.0
2023-11-15 00:00:00.000000,30.09,30.64,30.09,30.47,3129400.0
2023-11-14 00:00:00.000000,30.19,30.53,30.07,30.09,3156900.0
2023-11-13 00:00:00.000000,29.89,30.05,29.42,29.59,2443900.0
2023-11-10 00:00:00.000000,29.74,30.28,29.64,30.13,3625000.0
2023-11-09 00:00:00.000000,31.41,31.65,29.65,29.68,4888900.0
2023-11-08 00:00:00.000000,30.83,30.83,30.4,30.53,4731200.0
2023-11-07 00:00:00.000000,31.31,31.39,30.92,30.94,3621100.0
2023-11-06 00:00:00.000000,31.72,31.82,31.09,31.3,2626100.0
2023-11-03 00:00:00.000000,31.07,32.75,30.84,31.82,4111200.0
2023-11-02 00:00:00.000000,29.12,31.42,28.67,30.95,5421900.0
2023-11-01 00:00:00.000000,30.41,30.58,30.05,30.46,3959800.0
2023-10-31 00:00:00.000000,29.67,30.49,29.62,30.39,5738900.0
2023-10-30 00:00:00.000000,29.59,29.75,29.37,29.59,3635300.0
2023-10-27 00:00:00.000000,29.74,30.03,29.39,29.44,2259700.0
2023-10-26 00:00:00.000000,30.21,30.24,29.51,29.8,2908100.0
2023-10-25 00:00:00.000000,30.43,30.65,30.21,30.25,2742100.0
2023-10-24 00:00:00.000000,30.69,30.91,30.33,30.45,1612600.0
2023-10-23 00:00:00.000000,30.65,30.92,30.4,30.5,1834600.0
2023-10-20 00:00:00.000000,30.85,30.98,30.59,30.62,2109600.0
2023-10-19 00:00:00.000000,31.64,31.65,30.83,30.85,2869100.0
2023-10-18 00:00:00.000000,31.77,32.03,31.5,31.56,2099400.0
2023-10-17 00:00:00.000000,31.51,32.12,31.43,31.91,2210200.0
2023-10-16 00:00:00.000000,31.07,31.85,31.07,31.62,2489800.0
2023-10-13 00:00:00.000000,30.89,31.09,30.76,30.95,2717600.0
2023-10-12 00:00:00.000000,31.3,31.3,30.62,30.75,1919600.0
2023-10-11 00:00:00.000000,31.37,31.65,31.06,31.19,1992800.0
2023-10-10 00:00:00.000000,31.07,31.41,31.0,31.27,2084900.0
2023-10-09 00:00:00.000000,30.21,31.07,30.12,30.98,2939300.0
2023-10-06 00:00:00.000000,29.95,30.5,29.86,30.38,3092900.0
2023-10-05 00:00:00.000000,30.32,30.51,29.89,30.2,2131900.0
2023-10-04 00:00:00.000000,30.21,30.45,29.72,30.31,2729100.0
2023-10-03 00:00:00.000000,30.71,30.75,30.09,30.2,3417300.0
2023-10-02 00:00:00.000000,31.08,31.18,30.63,30.85,3780200.0
2023-09-29 00:00:00.000000,31.32,31.56,31.08,31.2,2524600.0
2023-09-28 00:00:00.000000,30.92,31.52,30.89,31.14,2761300.0
2023-09-27 00:00:00.000000,30.99,31.15,30.55,30.92,2935000.0
2023-09-26 00:00:00.000000,30.94,31.43,30.82,30.95,3016100.0
2023-09-25 00:00:00.000000,31.33,31.47,30.98,31.21,2983500.0
2023-09-22 00:00:00.000000,32.17,32.29,31.34,31.35,3711500.0
2023-09-21 00:00:00.000000,31.16,32.4,31.08,32.14,5403400.0
2023-09-20 00:00:00.000000,32.14,32.26,31.14,31.15,4993900.0
2023-09-19 00:00:00.000000,31.82,32.15,31.77,32.09,3050100.0
2023-09-18 00:00:00.000000,31.81,31.9,31.42,31.79,2721200.0
2023-09-15 00:00:00.000000,32.05,32.54,31.83,31.88,7902500.0
2023-09-14 00:00:00.000000,31.69,32.06,31.61,32.03,3327700.0
2023-09-13 00:00:00.000000,32.14,32.25,31.31,31.38,4989600.0
2023-09-12 00:00:00.000000,31.66,32.18,31.48,32.12,3371600.0
2023-09-11 00:00:00.000000,31.36,32.32,31.32,31.68,3229100.0
2023-09-08 00:00:00.000000,30.9,31.36,30.86,31.36,2910400.0
2023-09-07 00:00:00.000000,31.42,31.57,30.81,30.86,3895500.0
2023-09-06 00:00:00.000000,31.25,31.7,31.16,31.38,4585800.0
2023-09-05 00:00:00.000000,30.9,31.99,30.9,31.43,5507000.0
2023-09-01 00:00:00.000000,33.06,33.06,30.95,30.98,7248400.0
2023-08-31 00:00:00.000000,33.42,33.57,33.02,33.06,4215200.0
2023-08-30 00:00:00.000000,33.0,33.48,32.92,33.4,3281200.0
2023-08-29 00:00:00.000000,32.54,33.1,32.47,32.91,4148000.0
2023-08-28 00:00:00.000000,32.63,32.82,32.48,32.77,3141400.0
2023-08-25 00:00:00.000000,32.7,32.88,32.24,32.43,2357500.0
2023-08-24 00:00:00.000000,32.76,33.13,32.4,32.58,4405000.0
2023-08-23 00:00:00.000000,32.91,33.1,32.85,32.94,2217200.0
2023-08-22 00:00:00.000000,33.17,33.37,32.81,32.86,2974800.0
2023-08-21 00:00:00.000000,33.38,33.56,33.06,33.2,3361300.0
2023-08-18 00:00:00.000000,32.76,33.52,32.76,33.45,2736100.0
2023-08-17 00:00:00.000000,33.6,33.71,32.93,32.95,4366300.0
2023-08-16 00:00:00.000000,33.93,34.19,33.58,33.59,3210200.0
2023-08-15 00:00:00.000000,33.61,34.2,33.34,34.01,3445400.0
2023-08-14 00:00:00.000000,34.47,34.61,33.75,33.84,5834400.0
2023-08-11 00:00:00.000000,34.32,34.9,34.22,34.6,2646600.0
2023-08-10 00:00:00.000000,34.85,35.04,34.12,34.49,5052300.0
2023-08-09 00:00:00.000000,34.9,35.4,34.47,34.65,5866900.0
2023-08-08 00:00:00.000000,34.49,35.22,34.36,34.93,14957000.0
2023-08-07 00:00:00.000000,33.29,33.44,33.04,33.08,5276900.0
2023-08-04 00:00:00.000000,32.9,33.57,32.76,33.06,3574400.0
2023-08-03 00:00:00.000000,33.19,33.3,32.72,32.96,3655400.0
2023-08-02 00:00:00.000000,33.2,33.42,33.11,33.33,2321700.0
2023-08-01 00:00:00.000000,33.42,33.49,33.21,33.26,1945300.0
2023-07-31 00:00:00.000000,33.32,33.8,33.32,33.45,3808600.0
2023-07-28 00:00:00.000000,33.41,33.48,32.86,33.24,5216800.0
2023-07-27 00:00:00.000000,33.4,33.65,33.03,33.1,3185200.0
2023-07-26 00:00:00.000000,33.1,33.39,32.88,33.15,5014900.0
2023-07-25 00:00:00.000000,33.11,33.34,32.88,32.97,4132500.0
2023-07-24 00:00:00.000000,33.48,33.57,32.92,33.2,4016100.0
2023-07-21 00:00:00.000000,33.75,33.78,33.33,33.51,3163900.0
2023-07-20 00:00:00.000000,33.88,33.88,33.49,33.78,3129100.0
2023-07-19 00:00:00.000000,33.93,34.24,33.46,33.72,4909500.0
2023-07-18 00:00:00.000000,33.53,34.29,33.49,34.0,3111700.0
2023-07-17 00:00:00.000000,33.16,33.53,33.0,33.44,2880100.0
2023-07-14 00:00:00.000000,33.6,33.6,32.94,33.19,3866600.0
2023-07-13 00:00:00.000000,33.64,33.88,33.3,33.68,5477700.0
2023-07-12 00:00:00.000000,34.15,34.49,33.62,33.67,4139000.0
2023-07-11 00:00:00.000000,33.85,33.92,33.65,33.73,3581500.0
2023-07-10 00:00:00.000000,33.16,34.12,33.06,33.7,6563900.0
2023-07-07 00:00:00.000000,33.95,34.37,33.76,34.08,3464400.0
2023-07-06 00:00:00.000000,33.85,34.11,33.72,34.04,3485500.0
2023-07-05 00:00:00.000000,34.07,34.53,33.81,34.21,2830300.0
2023-07-03 00:00:00.000000,33.77,34.35,33.68,34.32,1195000.0
2023-06-30 00:00:00.000000,34.58,34.63,33.97,34.0,3015300.0
2023-06-29 00:00:00.000000,34.22,34.58,34.07,34.41,2399000.0
2023-06-28 00:00:00.000000,34.4,34.44,34.06,34.33,3081800.0
2023-06-27 00:00:00.000000,33.27,34.57,33.26,34.36,5144000.0
2023-06-26 00:00:00.000000,32.79,33.29,32.72,33.24,3545300.0
2023-06-23 00:00:00.000000,32.73,32.84,32.56,32.67,4638100.0
2023-06-22 00:00:00.000000,33.1,33.13,32.71,32.9,4326500.0
2023-06-21 00:00:00.000000,33.25,33.44,33.01,33.19,3799800.0
2023-06-20 00:00:00.000000,33.54,33.69,32.97,33.25,6063100.0
2023-06-16 00:00:00.000000,33.73,34.04,33.47,33.64,10266000.0
2023-06-15 00:00:00.000000,33.23,33.87,33.13,33.67,5036900.0
2023-06-14 00:00:00.000000,33.45,33.91,33.15,33.29,4153700.0
2023-06-13 00:00:00.000000,33.73,33.86,33.24,33.31,4845000.0
2023-06-12 00:00:00.000000,33.51,33.79,33.28,33.49,3060200.0
2023-06-09 00:00:00.000000,33.86,33.97,33.46,33.54,4944800.0
2023-06-08 00:00:00.000000,33.41,33.87,33.26,33.84,3883000.0
2023-06-07 00:00:00.000000,32.79,33.54,32.66,33.35,4994900.0
2023-06-06 00:00:00.000000,32.07,32.74,31.94,32.54,3253300.0
2023-06-05 00:00:00.000000,31.84,32.25,31.78,32.19,3528400.0
2023-06-02 00:00:00.000000,31.56,32.01,31.51,31.87,3583300.0
2023-06-01 00:00:00.000000,31.28,31.61,30.95,31.31,3766200.0
2023-05-31 00:00:00.000000,31.36,31.48,30.95,31.2,9037100.0
2023-05-30 00:00:00.000000,31.37,31.65,31.23,31.48,4574600.0
2023-05-26 00:00:00.000000,31.21,31.61,31.13,31.4,3144600.0
2023-05-25 00:00:00.000000,30.8,31.39,30.78,31.07,3714000.0
2023-05-24 00:00:00.000000,31.33,31.48,30.97,31.03,2883600.0
2023-05-23 00:00:00.000000,31.32,31.82,31.32,31.35,3020100.0
2023-05-22 00:00:00.000000,31.55,31.69,31.16,31.31,2899000.0
2023-05-19 00:00:00.000000,31.14,31.46,31.06,31.34,3921700.0
2023-05-18 00:00:00.000000,31.39,31.61,30.75,31.09,4198100.0
2023-05-17 00:00:00.000000,30.74,31.42,30.57,31.38,3940500.0
2023-05-16 00:00:00.000000,30.96,31.08,30.51,30.53,3368100.0
2023-05-15 00:00:00.000000,30.77,31.09,30.49,31.01,3188800.0
2023-05-12 00:00:00.000000,30.37,30.86,30.22,30.72,4623700.0
2023-05-11 00:00:00.000000,30.83,31.04,30.22,30.67,5624300.0
2023-05-10 00:00:00.000000,31.92,32.08,30.68,31.19,5386100.0
2023-05-09 00:00:00.000000,32.41,33.16,31.58,31.68,6425600.0
2023-05-08 00:00:00.000000,31.88,32.33,31.84,32.17,4548100.0
2023-05-05 00:00:00.000000,31.47,32.11,31.38,31.97,3060000.0
2023-05-04 00:00:00.000000,32.0,32.01,31.1,31.16,6172900.0
2023-05-03 00:00:00.000000,33.16,33.44,32.62,32.7,3526400.0
2023-05-02 00:00:00.000000,33.15,33.19,32.51,33.06,2700900.0
2023-05-01 00:00:00.000000,33.14,33.67,33.14,33.3,2676400.0
2023-04-28 00:00:00.000000,32.69,33.49,32.69,33.26,3838500.0
2023-04-27 00:00:00.000000,32.51,32.88,31.87,32.86,4978700.0
2023-04-26 00:00:00.000000,32.34,32.88,32.33,32.47,3241200.0
2023-04-25 00:00:00.000000,32.46,32.89,32.15,32.44,4127800.0
2023-04-24 00:00:00.000000,33.52,33.83,31.8,32.64,11114300.0
2023-04-21 00:00:00.000000,33.55,33.65,32.97,33.62,3067000.0
2023-04-20 00:00:00.000000,33.7,34.0,33.51,33.7,2770200.0
2023-04-19 00:00:00.000000,33.5,33.99,32.76,33.84,4258000.0
2023-04-18 00:00:00.000000,34.13,34.23,33.7,34.0,3359000.0
2023-04-17 00:00:00.000000,33.44,34.08,33.43,33.99,2292000.0
2023-04-14 00:00:00.000000,33.72,33.99,33.13,33.41,2292500.0
2023-04-13 00:00:00.000000,33.83,34.08,33.79,33.94,2362500.0
2023-04-12 00:00:00.000000,34.38,34.59,33.67,33.73,2262200.0
2023-04-11 00:00:00.000000,33.92,34.5,33.54,34.19,2762500.0
2023-04-10 00:00:00.000000,33.31,34.0,33.31,33.93,2343600.0
2023-04-06 00:00:00.000000,33.37,33.65,33.22,33.45,2604100.0
2023-04-05 00:00:00.000000,33.57,33.92,33.44,33.74,2499700.0
2023-04-04 00:00:00.000000,34.26,34.44,33.63,33.87,2516300.0
2023-04-03 00:00:00.000000,34.12,34.37,33.92,34.18,2835500.0
2023-03-31 00:00:00.000000,33.8,34.09,33.72,34.05,3280100.0
2023-03-30 00:00:00.000000,33.38,33.9,33.38,33.67,2135600.0
2023-03-29 00:00:00.000000,33.03,33.33,32.92,33.17,2547000.0
2023-03-28 00:00:00.000000,32.82,33.35,32.71,32.76,3843500.0
2023-03-27 00:00:00.000000,33.23,34.01,33.22,33.63,3449100.0
2023-03-24 00:00:00.000000,33.47,33.48,32.14,33.06,4762600.0
2023-03-23 00:00:00.000000,33.47,34.22,33.39,33.67,2733500.0
2023-03-22 00:00:00.000000,33.7,34.05,33.3,33.32,2748700.0
2023-03-21 00:00:00.000000,33.81,34.08,33.45,33.73,3386200.0
2023-03-20 00:00:00.000000,32.77,33.9,32.67,33.43,3204500.0
2023-03-17 00:00:00.000000,32.78,33.05,32.63,32.73,6166400.0
2023-03-16 00:00:00.000000,32.33,33.05,32.25,32.94,3746700.0
2023-03-15 00:00:00.000000,32.26,32.81,32.24,32.52,2807800.0
2023-03-14 00:00:00.000000,32.77,33.19,32.5,32.9,3109500.0
2023-03-13 00:00:00.000000,32.89,33.03,32.2,32.28,3687500.0
2023-03-10 00:00:00.000000,33.13,33.41,32.8,33.14,3165800.0
2023-03-09 00:00:00.000000,34.54,34.76,33.22,33.27,2899100.0
2023-03-08 00:00:00.000000,34.69,35.01,34.33,34.5,2177500.0
2023-03-07 00:00:00.000000,34.8,35.17,34.64,34.69,2658800.0
2023-03-06 00:00:00.000000,35.16,35.56,34.74,34.8,2913000.0
2023-03-03 00:00:00.000000,35.24,35.33,34.8,34.92,2451400.0
2023-03-02 00:00:00.000000,34.75,35.17,34.66,35.11,2442000.0
2023-03-01 00:00:00.000000,34.74,35.0,34.63,34.8,2213900.0
2023-02-28 00:00:00.000000,35.15,35.64,34.87,35.02,3705900.0
2023-02-27 00:00:00.000000,36.05,36.08,35.58,35.68,2596800.0
2023-02-24 00:00:00.000000,35.87,36.17,35.7,35.89,2115300.0
2023-02-23 00:00:00.000000,36.37,36.74,35.9,36.34,2639000.0
2023-02-22 00:00:00.000000,36.15,36.65,36.1,36.51,3062800.0
2023-02-21 00:00:00.000000,36.79,37.15,36.14,36.17,2916400.0
2023-02-17 00:00:00.000000,36.72,37.26,36.5,37.03,4451400.0
2023-02-16 00:00:00.000000,36.67,37.22,36.59,36.73,2840100.0
2023-02-15 00:00:00.000000,35.71,37.15,35.62,37.12,2964000.0
2023-02-14 00:00:00.000000,35.59,35.96,35.36,35.76,2319400.0
2023-02-13 00:00:00.000000,35.85,36.12,35.47,35.69,2772200.0
2023-02-10 00:00:00.000000,35.76,36.05,35.49,35.81,3722700.0
2023-02-09 00:00:00.000000,36.36,36.42,35.47,35.74,4691600.0
2023-02-08 00:00:00.000000,36.32,36.8,35.13,35.54,7006500.0
2023-02-07 00:00:00.000000,33.64,34.11,33.22,34.05,2536900.0
2023-02-06 00:00:00.000000,34.4,34.4,33.78,33.97,2300900.0
2023-02-03 00:00:00.000000,34.8,35.02,34.08,34.6,2128800.0
2023-02-02 00:00:00.000000,34.45,35.27,34.2,34.98,1893100.0
2023-02-01 00:00:00.000000,33.73,34.53,33.5,34.31,2376500.0
2023-01-31 00:00:00.000000,33.66,33.98,33.51,33.94,2027800.0
2023-01-30 00:00:00.000000,33.58,33.87,33.49,33.66,1951800.0
2023-01-27 00:00:00.000000,33.93,34.08,33.67,33.85,1518600.0
2023-01-26 00:00:00.000000,33.54,34.05,33.42,33.96,2239200.0
2023-01-25 00:00:00.000000,33.26,34.14,33.04,33.49,5308100.0
2023-01-24 00:00:00.000000,32.49,32.85,32.37,32.67,1733400.0
2023-01-23 00:00:00.000000,31.6,32.74,31.6,32.67,1771000.0
2023-01-20 00:00:00.000000,31.47,31.64,31.23,31.56,1956200.0
2023-01-19 00:00:00.000000,31.36,31.46,30.82,31.31,2820100.0
2023-01-18 00:00:00.000000,31.77,32.08,31.43,31.48,2383100.0
2023-01-17 00:00:00.000000,32.16,32.39,31.67,31.77,1763200.0
2023-01-13 00:00:00.000000,31.98,32.35,31.83,32.33,1718200.0
2023-01-12 00:00:00.000000,32.19,32.31,31.78,32.21,2238500.0
2023-01-11 00:00:00.000000,31.99,32.13,31.49,32.07,2455600.0
2023-01-10 00:00:00.000000,31.23,31.91,31.12,31.89,2062000.0
2023-01-09 00:00:00.000000,31.77,31.98,31.22,31.27,4112700.0
2023-01-06 00:00:00.000000,31.05,31.78,30.95,31.75,2062100.0
2023-01-05 00:00:00.000000,31.21,31.21,30.64,30.85,2534400.0
2023-01-04 00:00:00.000000,30.55,31.36,30.08,31.28,2446100.0
2023-01-03 00:00:00.000000,30.32,30.63,30.01,30.27,2750100.0
2022-12-30 00:00:00.000000,30.3,30.46,29.92,30.37,2620900.0
2022-12-29 00:00:00.000000,30.34,30.85,30.2,30.56,1268000.0
2022-12-28 00:00:00.000000,30.53,30.67,30.06,30.11,1249600.0
2022-12-27 00:00:00.000000,30.76,30.8,30.29,30.62,1200100.0
2022-12-23 00:00:00.000000,30.48,30.84,30.43,30.76,1429400.0
2022-12-22 00:00:00.000000,30.1,30.55,30.01,30.5,1700000.0
2022-12-21 00:00:00.000000,30.15,30.51,30.02,30.33,2498600.0
2022-12-20 00:00:00.000000,29.49,30.0,29.36,29.95,2547600.0
2022-12-19 00:00:00.000000,30.64,30.64,29.26,29.49,2206200.0
2022-12-16 00:00:00.000000,30.52,30.88,30.36,30.74,5252100.0
2022-12-15 00:00:00.000000,31.56,31.64,30.67,30.7,2369500.0
2022-12-14 00:00:00.000000,31.8,32.37,31.59,31.8,2093100.0
2022-12-13 00:00:00.000000,32.4,32.76,31.8,32.03,2316000.0
2022-12-12 00:00:00.000000,31.28,31.54,30.99,31.53,2236600.0
2022-12-09 00:00:00.000000,31.0,31.52,30.79,31.31,1586200.0
2022-12-08 00:00:00.000000,30.82,31.6,30.64,31.0,2029500.0
2022-12-07 00:00:00.000000,30.89,31.26,30.3,30.7,2818000.0
2022-12-06 00:00:00.000000,32.14,32.62,30.78,31.0,3538700.0
2022-12-05 00:00:00.000000,32.49,32.74,31.97,32.01,2839900.0
2022-12-02 00:00:00.000000,31.74,32.6,31.42,32.55,2820300.0
2022-12-01 00:00:00.000000,32.55,32.75,31.67,32.1,2898500.0
2022-11-30 00:00:00.000000,31.63,32.47,31.25,32.45,4222200.0
2022-11-29 00:00:00.000000,31.12,31.75,31.02,31.72,2295900.0
2022-11-28 00:00:00.000000,31.08,31.44,30.85,31.0,1966900.0
2022-11-25 00:00:00.000000,31.11,31.31,30.97,31.29,901100.0
2022-11-23 00:00:00.000000,30.8,31.15,30.56,31.08,2408200.0
2022-11-22 00:00:00.000000,30.75,30.95,30.54,30.9,1806000.0
2022-11-21 00:00:00.000000,31.05,31.16,30.24,30.51,2275900.0
2022-11-18 00:00:00.000000,31.0,31.11,30.65,30.93,2130300.0
2022-11-17 00:00:00.000000,30.1,30.74,30.09,30.63,2069700.0
2022-11-16 00:00:00.000000,30.74,30.76,29.94,30.49,2382800.0
2022-11-15 00:00:00.000000,30.76,31.32,30.47,30.75,2664200.0
2022-11-14 00:00:00.000000,30.59,31.17,30.39,30.41,3584500.0
2022-11-11 00:00:00.000000,29.71,30.7,29.46,30.52,2946500.0
2022-11-10 00:00:00.000000,29.35,29.7,29.1,29.44,3209800.0
2022-11-09 00:00:00.000000,28.89,28.89,28.07,28.44,3487600.0
2022-11-08 00:00:00.000000,29.06,29.86,28.96,29.34,3906200.0
2022-11-07 00:00:00.000000,30.17,30.29,28.88,29.14,3419000.0
2022-11-04 00:00:00.000000,30.31,30.57,29.16,29.84,3799300.0
2022-11-03 00:00:00.000000,29.85,30.19,29.51,29.95,2601000.0
2022-11-02 00:00:00.000000,30.17,31.24,30.04,30.05,4290000.0
2022-11-01 00:00:00.000000,30.1,31.26,29.46,30.53,4272200.0
2022-10-31 00:00:00.000000,28.84,29.0,28.47,28.87,3363700.0
2022-10-28 00:00:00.000000,28.3,28.92,28.12,28.84,2844400.0
2022-10-27 00:00:00.000000,29.0,29.13,28.01,28.17,3663700.0
2022-10-26 00:00:00.000000,29.87,30.14,28.94,28.97,2424200.0
2022-10-25 00:00:00.000000,29.51,29.96,29.4,29.84,2444500.0
2022-10-24 00:00:00.000000,29.64,29.84,29.09,29.62,3868000.0
2022-10-21 00:00:00.000000,29.02,29.74,28.98,29.43,2952300.0
2022-10-20 00:00:00.000000,29.26,29.55,28.97,29.01,2223700.0
2022-10-19 00:00:00.000000,29.32,29.86,28.85,29.32,4065300.0
2022-10-18 00:00:00.000000,29.3,29.92,28.7,29.2,6942800.0
2022-10-17 00:00:00.000000,29.74,30.09,28.27,28.58,12668500.0
2022-10-14 00:00:00.000000,31.86,32.19,31.39,31.55,2151700.0
2022-10-13 00:00:00.000000,30.14,31.81,30.03,31.7,4073100.0
2022-10-12 00:00:00.000000,30.69,30.88,30.29,30.49,2521500.0
2022-10-11 00:00:00.000000,30.97,31.13,30.41,30.67,2361200.0
2022-10-10 00:00:00.000000,31.55,31.8,31.07,31.14,1762000.0
2022-10-07 00:00:00.000000,30.9,31.45,30.76,31.37,2588400.0
2022-10-06 00:00:00.000000,32.07,32.07,31.03,31.17,3697200.0
2022-10-05 00:00:00.000000,31.71,32.0,31.33,31.54,2731600.0
2022-10-04 00:00:00.000000,31.41,32.39,31.38,32.23,2379800.0
2022-10-03 00:00:00.000000,31.07,31.31,30.58,31.26,2627700.0
2022-09-30 00:00:00.000000,30.72,31.36,30.55,30.68,3276000.0
2022-09-29 00:00:00.000000,31.08,31.19,30.31,30.51,4067000.0
2022-09-28 00:00:00.000000,31.07,31.6,30.8,31.44,1835600.0
2022-09-27 00:00:00.000000,31.42,31.87,30.75,30.95,1958800.0
2022-09-26 00:00:00.000000,31.5,32.07,31.03,31.12,2255900.0
2022-09-23 00:00:00.000000,31.73,31.88,31.17,31.71,2494700.0
2022-09-22 00:00:00.000000,32.65,32.73,32.1,32.11,3203700.0
2022-09-21 00:00:00.000000,34.27,34.37,32.71,32.72,2137100.0
2022-09-20 00:00:00.000000,34.03,34.38,33.74,34.24,2305400.0
2022-09-19 00:00:00.000000,33.44,34.38,33.43,34.36,2092400.0
2022-09-16 00:00:00.000000,34.54,34.58,33.14,33.67,6348400.0
2022-09-15 00:00:00.000000,33.5,34.76,33.43,34.56,3366500.0
2022-09-14 00:00:00.000000,33.58,33.63,32.65,33.52,2015900.0
2022-09-13 00:00:00.000000,33.73,34.41,33.41,33.49,1953500.0
2022-09-12 00:00:00.000000,34.64,34.98,34.52,34.8,2986400.0
2022-09-09 00:00:00.000000,33.74,34.61,33.67,34.52,2640800.0
2022-09-08 00:00:00.000000,33.3,33.54,32.55,33.52,2188600.0
2022-09-07 00:00:00.000000,32.91,33.53,32.81,33.42,1951400.0
2022-09-06 00:00:00.000000,33.81,33.88,32.66,32.97,2680600.0
2022-09-02 00:00:00.000000,34.26,34.54,33.62,33.74,2373200.0
2022-09-01 00:00:00.000000,34.0,34.12,33.72,34.04,2261900.0
2022-08-31 00:00:00.000000,34.4,34.69,34.16,34.18,2479900.0
2022-08-30 00:00:00.000000,34.22,34.35,33.81,34.2,2618400.0
2022-08-29 00:00:00.000000,34.05,34.51,33.8,34.32,1599100.0
2022-08-26 00:00:00.000000,35.02,35.39,34.19,34.24,2308400.0
2022-08-25 00:00:00.000000,34.91,35.11,34.68,34.98,1396900.0
2022-08-24 00:00:00.000000,34.53,35.13,34.29,34.78,2099300.0
2022-08-23 00:00:00.000000,34.68,35.17,34.37,34.51,1531100.0
2022-08-22 00:00:00.000000,35.3,35.51,34.47,34.7,1864100.0
2022-08-19 00:00:00.000000,35.86,35.91,35.49,35.68,1983900.0
2022-08-18 00:00:00.000000,36.3,36.5,35.87,36.02,1396600.0
2022-08-17 00:00:00.000000,36.13,36.6,36.01,36.17,2299200.0
2022-08-16 00:00:00.000000,36.31,36.71,36.15,36.5,2562800.0
2022-08-15 00:00:00.000000,36.25,36.49,36.01,36.38,2062300.0
2022-08-12 00:00:00.000000,36.66,36.76,36.14,36.5,2422500.0
2022-08-11 00:00:00.000000,35.18,36.55,35.18,36.43,2739700.0
2022-08-10 00:00:00.000000,34.79,35.5,34.03,34.88,3566100.0
2022-08-09 00:00:00.000000,33.58,34.0,33.39,33.74,2526800.0
2022-08-08 00:00:00.000000,33.49,33.76,33.28,33.47,2643100.0
2022-08-05 00:00:00.000000,33.17,33.53,32.87,33.33,1930300.0
2022-08-04 00:00:00.000000,33.47,34.0,33.36,33.53,1444000.0
2022-08-03 00:00:00.000000,33.0,33.81,33.0,33.57,1893300.0
2022-08-02 00:00:00.000000,33.4,33.76,33.12,33.2,1136300.0
2022-08-01 00:00:00.000000,32.83,33.5,32.76,33.44,2601600.0
2022-07-29 00:00:00.000000,34.91,34.91,32.88,33.11,4963700.0
2022-07-28 00:00:00.000000,34.53,34.95,34.03,34.88,2069800.0
2022-07-27 00:00:00.000000,34.26,34.7,34.03,34.67,2268500.0
2022-07-26 00:00:00.000000,35.0,35.19,33.75,34.1,1983900.0
2022-07-25 00:00:00.000000,35.09,35.55,35.02,35.28,1832800.0
2022-07-22 00:00:00.000000,35.0,35.35,34.76,35.16,1594200.0
2022-07-21 00:00:00.000000,34.67,34.97,34.42,34.95,1755000.0
2022-07-20 00:00:00.000000,34.32,34.97,34.13,34.74,1797500.0
2022-07-19 00:00:00.000000,33.54,34.32,33.54,34.25,1808200.0
2022-07-18 00:00:00.000000,33.21,33.78,32.73,33.23,2474900.0
2022-07-15 00:00:00.000000,32.81,33.71,32.76,33.68,1945400.0
2022-07-14 00:00:00.000000,32.44,32.7,32.26,32.51,1613600.0
2022-07-13 00:00:00.000000,32.86,33.12,31.99,32.84,1862200.0
2022-07-12 00:00:00.000000,32.86,33.71,32.86,33.22,1523800.0
2022-07-11 00:00:00.000000,32.95,33.15,32.67,32.9,1378300.0
2022-07-08 00:00:00.000000,33.56,33.77,33.12,33.24,1744600.0
2022-07-07 00:00:00.000000,33.18,33.8,33.18,33.5,1872100.0
2022-07-06 00:00:00.000000,33.33,33.6,32.58,33.16,2037600.0
2022-07-05 00:00:00.000000,32.64,33.18,32.13,33.17,1517800.0
2022-07-01 00:00:00.000000,32.05,33.13,31.99,33.07,1507600.0
2022-06-30 00:00:00.000000,32.26,32.75,31.98,32.16,2403300.0
2022-06-29 00:00:00.000000,32.68,32.77,31.99,32.64,1761600.0
2022-06-28 00:00:00.000000,33.16,33.47,32.62,32.71,1842400.0
2022-06-27 00:00:00.000000,32.89,33.09,32.54,33.04,2094600.0
2022-06-24 00:00:00.000000,32.28,33.15,32.23,32.8,2680800.0
2022-06-23 00:00:00.000000,32.09,32.18,31.62,32.07,1564300.0
2022-06-22 00:00:00.000000,32.21,32.53,31.86,32.06,2219300.0
2022-06-21 00:00:00.000000,32.53,33.03,32.31,32.56,2050800.0
2022-06-17 00:00:00.000000,32.28,32.79,31.87,32.07,6015500.0
2022-06-16 00:00:00.000000,32.35,32.56,31.51,32.28,3714700.0
2022-06-15 00:00:00.000000,32.27,33.37,32.18,32.83,3125000.0
2022-06-14 00:00:00.000000,31.57,32.35,31.38,32.03,3101200.0
2022-06-13 00:00:00.000000,31.79,32.0,31.33,31.52,3401700.0
2022-06-10 00:00:00.000000,33.06,33.18,32.38,32.39,2402300.0
2022-06-09 00:00:00.000000,34.29,34.29,33.45,33.48,1582300.0
2022-06-08 00:00:00.000000,34.38,34.89,34.01,34.06,1660200.0
2022-06-07 00:00:00.000000,33.76,34.65,33.66,34.6,1722500.0
2022-06-06 00:00:00.000000,34.1,34.48,33.89,34.08,1425600.0
2022-06-03 00:00:00.000000,34.13,34.45,33.94,34.13,1933700.0
2022-06-02 00:00:00.000000,34.22,34.87,33.86,34.42,2695700.0
2022-06-01 00:00:00.000000,35.7,35.78,34.27,34.86,2447800.0
2022-05-31 00:00:00.000000,35.34,35.62,35.15,35.51,4768600.0
2022-05-27 00:00:00.000000,34.51,35.53,34.37,35.46,2573400.0
2022-05-26 00:00:00.000000,33.53,34.6,33.49,34.54,2950500.0
2022-05-25 00:00:00.000000,32.47,33.53,32.45,33.3,2353900.0
2022-05-24 00:00:00.000000,34.0,34.02,32.22,32.49,2409500.0
2022-05-23 00:00:00.000000,34.13,34.4,33.3,34.19,2512400.0
2022-05-20 00:00:00.000000,33.8,33.85,33.05,33.46,2496400.0
2022-05-19 00:00:00.000000,33.21,33.71,32.98,33.33,3425500.0
2022-05-18 00:00:00.000000,34.5,34.61,33.41,33.49,2876700.0
2022-05-17 00:00:00.000000,34.01,34.95,33.96,34.74,2340500.0
2022-05-16 00:00:00.000000,33.75,34.07,33.44,33.69,2351700.0
2022-05-13 00:00:00.000000,33.76,34.28,33.51,33.8,2672300.0
2022-05-12 00:00:00.000000,33.11,33.68,32.45,33.45,3275800.0
2022-05-11 00:00:00.000000,32.53,33.86,32.43,33.21,3779800.0
2022-05-10 00:00:00.000000,32.08,33.37,31.35,32.42,4567600.0
2022-05-09 00:00:00.000000,34.22,34.52,33.13,33.21,4065000.0
2022-05-06 00:00:00.000000,36.28,36.37,34.21,34.6,3164600.0
2022-05-05 00:00:00.000000,36.74,37.08,36.22,36.54,1867200.0
2022-05-04 00:00:00.000000,36.23,37.15,36.08,37.04,1890600.0
2022-05-03 00:00:00.000000,36.67,36.77,36.01,36.24,3056900.0
2022-05-02 00:00:00.000000,35.95,36.67,35.88,36.57,2704100.0
2022-04-29 00:00:00.000000,36.42,36.72,35.76,35.84,2464900.0
2022-04-28 00:00:00.000000,36.48,36.86,36.14,36.54,2077600.0
2022-04-27 00:00:00.000000,36.51,36.82,35.76,36.26,2262400.0
2022-04-26 00:00:00.000000,37.78,37.88,36.55,36.6,4090700.0
2022-04-25 00:00:00.000000,37.94,38.26,37.31,37.99,2983500.0
2022-04-22 00:00:00.000000,38.93,38.96,38.18,38.21,2215500.0
2022-04-21 00:00:00.000000,39.64,40.12,38.91,38.93,2340600.0
2022-04-20 00:00:00.000000,38.95,39.62,37.82,39.56,4384700.0
2022-04-19 00:00:00.000000,39.04,39.41,38.73,39.18,2630500.0
2022-04-18 00:00:00.000000,38.97,39.41,38.83,38.99,1252900.0
2022-04-14 00:00:00.000000,39.21,39.68,39.07,39.12,1773300.0
2022-04-13 00:00:00.000000,38.77,39.27,38.76,39.11,1528300.0
2022-04-12 00:00:00.000000,39.22,39.44,38.54,38.84,1997500.0
2022-04-11 00:00:00.000000,38.95,39.54,38.65,38.72,1974800.0
2022-04-08 00:00:00.000000,38.51,39.21,38.43,38.97,2118600.0
2022-04-07 00:00:00.000000,38.66,38.87,37.79,38.42,2730600.0
2022-04-06 00:00:00.000000,38.53,38.8,38.18,38.76,3818200.0
2022-04-05 00:00:00.000000,39.19,39.65,38.38,38.66,3557800.0
2022-04-04 00:00:00.000000,39.13,39.56,38.26,39.55,2582700.0
2022-04-01 00:00:00.000000,39.96,39.98,38.99,39.36,2335800.0
2022-03-31 00:00:00.000000,40.28,40.55,39.41,39.45,3596300.0
2022-03-30 00:00:00.000000,40.72,40.99,40.03,40.14,3022100.0
2022-03-29 00:00:00.000000,40.71,41.1,40.47,40.8,2333000.0
2022-03-28 00:00:00.000000,41.03,41.14,40.08,40.5,2099200.0
2022-03-25 00:00:00.000000,40.94,41.67,40.77,41.22,2504700.0
2022-03-24 00:00:00.000000,40.48,41.06,40.24,40.91,2416400.0
2022-03-23 00:00:00.000000,40.79,41.24,40.47,40.56,2540400.0
2022-03-22 00:00:00.000000,41.13,41.73,41.01,41.1,2631200.0
2022-03-21 00:00:00.000000,41.07,42.02,40.49,40.85,3371400.0
2022-03-18 00:00:00.000000,40.29,40.93,39.61,40.87,13459600.0
2022-03-17 00:00:00.000000,40.37,40.46,38.93,40.28,4950300.0
2022-03-16 00:00:00.000000,40.08,41.0,39.68,40.67,4515800.0
2022-03-15 00:00:00.000000,39.02,39.84,38.69,39.78,4830900.0
2022-03-14 00:00:00.000000,39.44,40.32,38.58,38.75,5955100.0
2022-03-11 00:00:00.000000,40.09,40.74,39.29,39.33,3444600.0
2022-03-10 00:00:00.000000,40.58,40.73,39.36,39.79,5192500.0
2022-03-09 00:00:00.000000,42.39,42.6,40.76,40.87,3604700.0
2022-03-08 00:00:00.000000,41.48,42.47,41.35,41.84,2733900.0
2022-03-07 00:00:00.000000,42.55,43.04,41.5,41.6,3232700.0
2022-03-04 00:00:00.000000,42.69,42.85,42.19,42.69,3424400.0
2022-03-03 00:00:00.000000,43.06,43.57,42.68,43.16,2579000.0
2022-03-02 00:00:00.000000,41.38,43.49,41.38,43.09,3785700.0
2022-03-01 00:00:00.000000,41.42,41.81,40.81,41.26,3500100.0
2022-02-28 00:00:00.000000,41.11,42.08,40.98,41.83,3527700.0
2022-02-25 00:00:00.000000,41.09,42.08,40.52,41.77,2905300.0
2022-02-24 00:00:00.000000,40.54,41.01,39.88,40.87,4052800.0
2022-02-23 00:00:00.000000,42.0,42.05,40.89,40.97,2781100.0
2022-02-22 00:00:00.000000,42.22,42.6,41.72,41.82,3537300.0
2022-02-18 00:00:00.000000,42.77,43.27,41.92,42.38,3567200.0
2022-02-17 00:00:00.000000,42.51,43.56,42.48,42.91,4162300.0
2022-02-16 00:00:00.000000,42.71,43.2,42.19,43.01,3140200.0
2022-02-15 00:00:00.000000,42.9,43.71,42.83,43.15,2705800.0
2022-02-14 00:00:00.000000,43.41,43.71,42.46,42.67,3212800.0
2022-02-11 00:00:00.000000,43.95,44.53,43.22,43.4,4354100.0
2022-02-10 00:00:00.000000,43.46,44.95,42.73,44.0,6921800.0
2022-02-09 00:00:00.000000,41.4,43.9,41.18,43.85,8034900.0
2022-02-08 00:00:00.000000,40.82,41.17,40.46,40.82,2435600.0
2022-02-07 00:00:00.000000,40.95,41.25,40.42,40.61,3219600.0
2022-02-04 00:00:00.000000,40.9,41.09,40.28,40.69,1811700.0
2022-02-03 00:00:00.000000,40.58,41.13,40.23,40.9,2345600.0
2022-02-02 00:00:00.000000,40.0,40.74,39.47,40.67,2970500.0
2022-02-01 00:00:00.000000,40.78,40.94,40.22,40.31,2528400.0
2022-01-31 00:00:00.000000,39.98,40.68,39.45,40.61,3644600.0
2022-01-28 00:00:00.000000,38.05,40.12,37.96,40.1,4206500.0
2022-01-27 00:00:00.000000,38.06,38.96,38.02,38.25,3281500.0
2022-01-26 00:00:00.000000,39.2,39.52,37.6,38.04,3416300.0
2022-01-25 00:00:00.000000,38.85,39.32,38.05,39.16,4510000.0
2022-01-24 00:00:00.000000,38.0,39.15,37.78,39.09,7853300.0
2022-01-21 00:00:00.000000,37.98,38.51,37.46,37.69,4201400.0
2022-01-20 00:00:00.000000,39.69,40.35,38.14,38.19,4426800.0
2022-01-19 00:00:00.000000,39.95,40.45,39.38,39.66,3804000.0
2022-01-18 00:00:00.000000,41.04,41.46,39.68,39.9,4586300.0
2022-01-14 00:00:00.000000,39.9,41.1,39.67,41.02,4080600.0
2022-01-13 00:00:00.000000,39.45,40.4,39.28,40.07,2487700.0
2022-01-12 00:00:00.000000,39.07,39.45,38.95,39.29,1622400.0
2022-01-11 00:00:00.000000,39.2,39.44,38.63,38.95,1720600.0
2022-01-10 00:00:00.000000,39.21,39.49,38.51,39.03,2904500.0
2022-01-07 00:00:00.000000,38.57,39.12,38.44,39.02,4427700.0
2022-01-06 00:00:00.000000,37.86,38.78,37.72,38.43,2716700.0
2022-01-05 00:00:00.000000,38.23,38.52,37.52,37.61,2024200.0
2022-01-04 00:00:00.000000,37.88,38.42,37.72,37.97,4720500.0
2022-01-03 00:00:00.000000,37.08,38.1,36.75,37.64,2917300.0
2021-12-31 00:00:00.000000,37.61,37.66,36.87,36.9,1621400.0
2021-12-30 00:00:00.000000,37.16,37.76,37.09,37.53,1467900.0
2021-12-29 00:00:00.000000,37.47,37.56,36.92,37.09,1173100.0
2021-12-28 00:00:00.000000,37.27,37.65,37.11,37.49,1328200.0
2021-12-27 00:00:00.000000,37.22,37.57,36.7,37.32,1741600.0
2021-12-23 00:00:00.000000,36.98,37.41,36.9,37.28,1805200.0
2021-12-22 00:00:00.000000,36.95,37.01,36.44,36.82,1550200.0
2021-12-21 00:00:00.000000,36.72,37.5,36.4,36.9,2531100.0
2021-12-20 00:00:00.000000,36.55,36.85,35.8,36.39,3551300.0
2021-12-17 00:00:00.000000,37.31,37.78,36.58,36.96,18794400.0
2021-12-16 00:00:00.000000,36.45,37.12,36.24,37.01,6426000.0
2021-12-15 00:00:00.000000,35.93,36.31,35.25,36.25,4728700.0
2021-12-14 00:00:00.000000,36.16,36.62,35.8,35.98,4631100.0
2021-12-13 00:00:00.000000,36.42,36.62,35.8,36.31,3183400.0
2021-12-10 00:00:00.000000,36.75,36.96,36.31,36.82,3253500.0
2021-12-09 00:00:00.000000,36.63,37.29,36.36,36.54,2382500.0
2021-12-08 00:00:00.000000,36.54,37.37,36.44,36.75,3473500.0
2021-12-07 00:00:00.000000,36.74,37.29,36.33,36.48,2485700.0
2021-12-06 00:00:00.000000,36.4,36.98,36.24,36.52,2825400.0
2021-12-03 00:00:00.000000,35.51,36.17,35.41,36.04,4957100.0
2021-12-02 00:00:00.000000,34.5,35.6,34.41,35.33,5518200.0
2021-12-01 00:00:00.000000,36.27,36.62,34.4,34.44,5228700.0
2021-11-30 00:00:00.000000,36.76,36.92,35.64,35.71,5053800.0
2021-11-29 00:00:00.000000,37.69,37.81,36.8,36.92,3655300.0
2021-11-26 00:00:00.000000,37.76,37.81,37.05,37.62,1850400.0
2021-11-24 00:00:00.000000,38.94,38.97,38.36,38.5,2677500.0
2021-11-23 00:00:00.000000,39.03,39.4,38.74,39.13,3448000.0
2021-11-22 00:00:00.000000,38.99,39.18,38.56,38.74,3229600.0
2021-11-19 00:00:00.000000,39.28,39.64,38.73,38.99,3459000.0
2021-11-18 00:00:00.000000,40.29,40.61,39.52,39.57,1793400.0
2021-11-17 00:00:00.000000,40.25,40.55,39.96,40.29,1809300.0
2021-11-16 00:00:00.000000,41.25,41.25,40.36,40.42,2553300.0
2021-11-15 00:00:00.000000,41.16,41.84,41.08,41.27,2424200.0
2021-11-12 00:00:00.000000,41.15,41.48,40.79,41.1,2111300.0
2021-11-11 00:00:00.000000,39.85,41.4,39.52,41.15,3289600.0
2021-11-10 00:00:00.000000,40.65,41.42,40.49,40.69,2575300.0
2021-11-09 00:00:00.000000,40.61,41.05,40.37,40.54,1714700.0
2021-11-08 00:00:00.000000,41.54,41.72,40.32,40.56,2600600.0
2021-11-05 00:00:00.000000,41.53,42.57,41.19,41.48,3436500.0
2021-11-04 00:00:00.000000,41.78,41.78,39.4,41.33,4688800.0
2021-11-03 00:00:00.000000,41.22,42.09,40.66,41.58,3878800.0
2021-11-02 00:00:00.000000,41.17,41.84,40.84,41.6,3401800.0
2021-11-01 00:00:00.000000,40.04,41.18,39.94,41.06,3357900.0
2021-10-29 00:00:00.000000,40.7,40.75,39.4,39.74,2847500.0
2021-10-28 00:00:00.000000,40.29,40.8,40.18,40.76,2149300.0
2021-10-27 00:00:00.000000,41.69,41.75,40.18,40.2,3487900.0
2021-10-26 00:00:00.000000,42.02,42.08,41.44,41.59,2559200.0
2021-10-25 00:00:00.000000,42.6,42.68,41.72,41.83,2594900.0
2021-10-22 00:00:00.000000,42.52,42.69,42.16,42.52,1903100.0
2021-10-21 00:00:00.000000,43.04,43.47,42.43,42.61,2926100.0
2021-10-20 00:00:00.000000,43.02,43.58,42.72,43.21,1828800.0
2021-10-19 00:00:00.000000,42.16,43.03,41.98,43.03,2541900.0
2021-10-18 00:00:00.000000,41.63,42.07,41.39,41.93,2064300.0
2021-10-15 00:00:00.000000,42.69,42.73,41.54,41.61,4494600.0
2021-10-14 00:00:00.000000,42.58,42.82,42.23,42.45,2278900.0
2021-10-13 00:00:00.000000,42.1,42.6,42.03,42.35,2857500.0
2021-10-12 00:00:00.000000,40.63,42.49,40.39,42.0,2279900.0
2021-10-11 00:00:00.000000,42.36,42.63,41.48,42.1,1967700.0
2021-10-08 00:00:00.000000,42.31,43.33,42.19,42.25,2283000.0
2021-10-07 00:00:00.000000,41.85,42.53,41.67,42.15,2787800.0
2021-10-06 00:00:00.000000,41.46,41.78,41.05,41.55,3730000.0
2021-10-05 00:00:00.000000,41.66,42.23,41.46,41.9,2897700.0
2021-10-04 00:00:00.000000,40.78,41.68,40.6,41.48,4179900.0
2021-10-01 00:00:00.000000,40.28,41.08,40.1,40.78,2339200.0
2021-09-30 00:00:00.000000,40.93,41.11,40.11,40.11,4603300.0
2021-09-29 00:00:00.000000,39.85,40.32,39.57,40.25,2021000.0
2021-09-28 00:00:00.000000,40.0,40.43,39.69,39.83,3303200.0
2021-09-27 00:00:00.000000,39.15,40.38,39.01,40.12,3695600.0
2021-09-24 00:00:00.000000,38.5,39.81,38.27,39.26,3057900.0
2021-09-23 00:00:00.000000,38.0,38.98,38.0,38.42,1965100.0
2021-09-22 00:00:00.000000,37.4,38.63,37.38,38.21,3174900.0
2021-09-21 00:00:00.000000,37.37,37.87,36.92,37.13,2017500.0
2021-09-20 00:00:00.000000,37.29,37.4,36.59,37.13,2334100.0
2021-09-17 00:00:00.000000,37.22,38.1,37.22,37.71,5179200.0
2021-09-16 00:00:00.000000,36.49,37.49,36.37,37.33,2690900.0
2021-09-15 00:00:00.000000,35.34,36.74,35.12,36.56,3039100.0
2021-09-14 00:00:00.000000,36.68,36.78,35.18,35.3,2791000.0
2021-09-13 00:00:00.000000,36.24,36.53,35.92,36.34,3090700.0
2021-09-10 00:00:00.000000,36.43,36.51,35.78,35.94,2617200.0
2021-09-09 00:00:00.000000,36.33,36.44,35.72,36.36,2590300.0
2021-09-08 00:00:00.000000,36.72,37.1,35.92,35.96,2303500.0
2021-09-07 00:00:00.000000,36.83,37.18,36.66,36.75,1427700.0
2021-09-03 00:00:00.000000,37.07,37.13,36.54,36.89,1529600.0
2021-09-02 00:00:00.000000,37.16,37.44,36.93,37.17,2296200.0
2021-09-01 00:00:00.000000,37.53,37.59,36.91,37.0,2043900.0
2021-08-31 00:00:00.000000,36.85,37.6,36.71,37.44,2872200.0
2021-08-30 00:00:00.000000,37.2,37.25,36.75,37.07,1248800.0
2021-08-27 00:00:00.000000,36.65,37.37,36.6,37.2,1749800.0
2021-08-26 00:00:00.000000,37.04,37.18,36.6,36.68,3067500.0
2021-08-25 00:00:00.000000,37.25,37.47,36.69,37.04,2319000.0
2021-08-24 00:00:00.000000,37.28,37.44,36.92,37.07,1520100.0
2021-08-23 00:00:00.000000,36.84,37.19,36.75,37.14,1811500.0
2021-08-20 00:00:00.000000,36.11,36.91,35.94,36.76,1255400.0
2021-08-19 00:00:00.000000,36.37,36.65,35.95,36.18,1675800.0
2021-08-18 00:00:00.000000,37.02,37.64,36.52,36.56,2351400.0
2021-08-17 00:00:00.000000,36.84,37.19,36.54,36.98,1416000.0
2021-08-16 00:00:00.000000,36.82,37.34,36.51,37.19,1734400.0
2021-08-13 00:00:00.000000,37.43,37.43,36.97,37.0,1651900.0
2021-08-12 00:00:00.000000,37.62,37.62,36.71,37.03,1552700.0
2021-08-11 00:00:00.000000,37.26,37.51,36.76,37.47,1817700.0
2021-08-10 00:00:00.000000,36.52,37.01,36.14,36.98,2042200.0
2021-08-09 00:00:00.000000,36.32,36.59,36.04,36.51,2084700.0
2021-08-06 00:00:00.000000,37.29,37.54,36.36,36.48,3837700.0
2021-08-05 00:00:00.000000,36.0,37.39,35.52,37.21,4856900.0
2021-08-04 00:00:00.000000,34.8,35.3,34.58,34.91,2954600.0
2021-08-03 00:00:00.000000,35.75,35.78,34.16,35.03,2652500.0
2021-08-02 00:00:00.000000,35.77,35.95,35.5,35.64,2300800.0
2021-07-30 00:00:00.000000,36.0,36.39,35.54,35.66,2496100.0
2021-07-29 00:00:00.000000,36.37,36.93,36.19,36.3,2860500.0
2021-07-28 00:00:00.000000,36.27,36.66,35.55,36.32,1843800.0
2021-07-27 00:00:00.000000,36.28,36.53,35.99,36.2,1540100.0
2021-07-26 00:00:00.000000,36.11,36.84,36.11,36.56,2235600.0
2021-07-23 00:00:00.000000,36.13,36.24,35.72,36.19,1681800.0
2021-07-22 00:00:00.000000,36.2,36.29,35.37,36.0,2553000.0
2021-07-21 00:00:00.000000,35.05,36.37,35.04,36.19,4462900.0
2021-07-20 00:00:00.000000,34.9,35.1,34.46,34.97,2713600.0
2021-07-19 00:00:00.000000,34.98,35.18,34.51,34.72,3999300.0
2021-07-16 00:00:00.000000,35.75,36.01,35.22,35.28,2976800.0
2021-07-15 00:00:00.000000,36.24,36.49,35.76,35.84,1886100.0
2021-07-14 00:00:00.000000,36.13,36.54,35.98,36.36,1936700.0
2021-07-13 00:00:00.000000,36.96,36.96,35.9,35.95,2341100.0
2021-07-12 00:00:00.000000,36.32,36.83,35.79,36.8,1860300.0
2021-07-09 00:00:00.000000,35.75,36.55,35.69,36.45,1730400.0
2021-07-08 00:00:00.000000,36.3,36.36,35.32,35.7,2429700.0
2021-07-07 00:00:00.000000,36.58,37.02,36.04,36.4,2600000.0
2021-07-06 00:00:00.000000,37.3,37.3,35.75,36.73,2666100.0
2021-07-02 00:00:00.000000,37.56,37.62,37.07,37.32,2014200.0
2021-07-01 00:00:00.000000,37.13,37.88,36.94,37.55,2442500.0
2021-06-30 00:00:00.000000,37.0,37.17,36.54,37.13,2282800.0
2021-06-29 00:00:00.000000,37.54,37.85,36.82,36.83,3086300.0
2021-06-28 00:00:00.000000,38.66,38.81,38.06,38.31,2362900.0
2021-06-25 00:00:00.000000,38.38,38.86,38.05,38.36,3944000.0
2021-06-24 00:00:00.000000,37.73,38.39,37.61,38.3,2110200.0
2021-06-23 00:00:00.000000,37.63,37.97,37.45,37.6,2254600.0
2021-06-22 00:00:00.000000,37.53,37.78,36.82,37.65,2636800.0
2021-06-21 00:00:00.000000,37.76,38.03,37.41,37.49,2296700.0
2021-06-18 00:00:00.000000,37.38,37.99,37.01,37.63,5734600.0
2021-06-17 00:00:00.000000,37.67,37.99,36.91,37.15,3120900.0
2021-06-16 00:00:00.000000,37.65,37.86,37.25,37.67,1983300.0
2021-06-15 00:00:00.000000,37.97,38.14,37.36,37.71,2640300.0
2021-06-14 00:00:00.000000,37.98,38.11,37.34,37.68,2091900.0
2021-06-11 00:00:00.000000,37.58,37.96,37.47,37.93,2090000.0
2021-06-10 00:00:00.000000,37.75,37.87,37.31,37.47,2338400.0
2021-06-09 00:00:00.000000,37.31,38.07,36.86,37.64,3592100.0
2021-06-08 00:00:00.000000,37.15,37.24,36.37,36.59,2360900.0
2021-06-07 00:00:00.000000,37.28,37.59,36.94,37.15,1497500.0
2021-06-04 00:00:00.000000,36.63,37.27,36.5,37.19,2259400.0
2021-06-03 00:00:00.000000,36.87,37.12,36.04,36.62,2659700.0
2021-06-02 00:00:00.000000,37.39,37.5,36.4,36.78,4411500.0
2021-06-01 00:00:00.000000,37.63,37.74,37.16,37.32,2133700.0
2021-05-28 00:00:00.000000,37.94,38.05,37.09,37.35,2292900.0
2021-05-27 00:00:00.000000,37.72,38.38,37.66,37.95,4180400.0
2021-05-26 00:00:00.000000,37.17,38.06,37.07,37.51,2043900.0
2021-05-25 00:00:00.000000,37.71,37.93,36.95,37.15,2785500.0
2021-05-24 00:00:00.000000,37.53,37.9,37.33,37.44,1937400.0
2021-05-21 00:00:00.000000,37.28,37.85,37.16,37.58,3404800.0
2021-05-20 00:00:00.000000,37.29,37.77,37.17,37.25,2760600.0
2021-05-19 00:00:00.000000,36.92,37.61,36.8,37.35,3162900.0
2021-05-18 00:00:00.000000,37.04,37.72,36.9,37.35,3562000.0
2021-05-17 00:00:00.000000,37.75,38.22,36.72,36.77,4072300.0
2021-05-14 00:00:00.000000,38.4,38.66,37.14,37.26,4678000.0
2021-05-13 00:00:00.000000,37.93,39.16,37.85,38.74,2193500.0
2021-05-12 00:00:00.000000,38.3,38.75,37.89,37.94,2517300.0
2021-05-11 00:00:00.000000,38.59,39.04,38.01,38.51,2442400.0
2021-05-10 00:00:00.000000,38.32,39.46,38.11,38.83,3063900.0
2021-05-07 00:00:00.000000,37.49,38.44,37.35,38.32,2264300.0
2021-05-06 00:00:00.000000,36.58,38.41,36.56,37.57,3942700.0
2021-05-05 00:00:00.000000,36.96,37.0,36.22,36.34,2994400.0
2021-05-04 00:00:00.000000,36.91,37.13,36.24,36.74,4091400.0
2021-05-03 00:00:00.000000,37.86,37.86,36.6,36.61,4174800.0
2021-04-30 00:00:00.000000,37.79,37.83,37.22,37.42,3920900.0
2021-04-29 00:00:00.000000,38.03,38.26,37.51,37.77,2539000.0
2021-04-28 00:00:00.000000,37.93,38.28,37.58,37.82,2630800.0
2021-04-27 00:00:00.000000,38.06,38.58,37.87,38.28,4268000.0
2021-04-26 00:00:00.000000,38.53,38.56,37.71,38.2,2495000.0
2021-04-23 00:00:00.000000,38.46,38.7,38.14,38.41,1831200.0
2021-04-22 00:00:00.000000,38.53,38.87,37.91,38.12,3604700.0
2021-04-21 00:00:00.000000,37.59,38.8,37.43,38.61,4948200.0
2021-04-20 00:00:00.000000,37.76,38.27,37.41,37.8,4073600.0
2021-04-19 00:00:00.000000,37.79,38.32,37.52,37.68,3580200.0
2021-04-16 00:00:00.000000,38.13,38.56,37.77,37.94,3322700.0
2021-04-15 00:00:00.000000,37.81,38.51,37.62,37.88,3808400.0
2021-04-14 00:00:00.000000,37.18,37.96,37.07,37.23,3000000.0
2021-04-13 00:00:00.000000,37.54,38.09,37.35,37.47,2546100.0
2021-04-12 00:00:00.000000,37.76,38.33,37.26,37.42,2782400.0
2021-04-09 00:00:00.000000,37.01,37.59,36.63,37.46,2357200.0
2021-04-08 00:00:00.000000,37.21,37.33,36.4,37.0,3289900.0
2021-04-07 00:00:00.000000,37.37,38.0,36.82,37.31,3164900.0
2021-04-06 00:00:00.000000,36.2,37.52,36.11,37.05,3798900.0
2021-04-05 00:00:00.000000,36.62,36.7,35.41,36.4,4097400.0
2021-04-01 00:00:00.000000,36.45,36.73,35.76,36.31,3410600.0
2021-03-31 00:00:00.000000,37.17,37.41,36.01,36.11,6338300.0
2021-03-30 00:00:00.000000,37.41,37.92,36.5,37.11,3789300.0
2021-03-29 00:00:00.000000,37.75,38.2,36.77,37.23,4725800.0
2021-03-26 00:00:00.000000,39.99,40.44,35.33,37.8,12757700.0
2021-03-25 00:00:00.000000,40.19,40.97,39.58,40.3,4816800.0
2021-03-24 00:00:00.000000,41.8,42.1,40.08,40.12,4052000.0
2021-03-23 00:00:00.000000,43.34,43.44,41.64,41.81,3568400.0
2021-03-22 00:00:00.000000,42.87,43.71,42.44,43.65,3800900.0
2021-03-19 00:00:00.000000,43.0,43.31,42.57,42.92,6423400.0
2021-03-18 00:00:00.000000,42.49,43.66,42.47,42.88,3689600.0
2021-03-17 00:00:00.000000,43.56,44.1,41.48,42.92,4359000.0
2021-03-16 00:00:00.000000,43.11,44.8,43.03,44.18,5094500.0
2021-03-15 00:00:00.000000,43.0,43.72,42.29,42.7,3770900.0
2021-03-12 00:00:00.000000,41.74,43.01,41.73,42.78,3818800.0
2021-03-11 00:00:00.000000,41.2,42.39,40.86,41.85,2913500.0
2021-03-10 00:00:00.000000,40.6,41.6,39.94,41.46,2707800.0
2021-03-09 00:00:00.000000,42.15,42.28,40.04,40.32,5377700.0
2021-03-08 00:00:00.000000,40.88,42.62,40.14,42.33,5776600.0
2021-03-05 00:00:00.000000,39.62,41.44,39.11,41.29,6794700.0
2021-03-04 00:00:00.000000,39.66,40.33,37.96,39.09,6178600.0
2021-03-03 00:00:00.000000,38.16,40.55,37.51,39.33,13437000.0
2021-03-02 00:00:00.000000,34.65,38.81,34.52,37.95,12604000.0
2021-03-01 00:00:00.000000,34.06,35.0,33.53,34.79,5913900.0
2021-02-26 00:00:00.000000,33.15,33.85,32.8,33.31,5149000.0
2021-02-25 00:00:00.000000,34.3,34.67,32.86,33.04,3654900.0
2021-02-24 00:00:00.000000,33.84,34.23,33.41,34.04,3447200.0
2021-02-23 00:00:00.000000,34.79,35.38,33.65,34.12,4107100.0
2021-02-22 00:00:00.000000,33.76,35.33,33.7,34.69,6842500.0
2021-02-19 00:00:00.000000,32.34,33.99,32.18,33.78,4866200.0
2021-02-18 00:00:00.000000,31.8,32.41,31.67,32.17,4618300.0
2021-02-17 00:00:00.000000,31.85,32.11,31.5,31.75,2763900.0
2021-02-16 00:00:00.000000,32.54,32.73,31.57,31.73,5015100.0
2021-02-12 00:00:00.000000,31.94,32.83,31.9,32.59,3323400.0
2021-02-11 00:00:00.000000,31.58,32.22,31.36,32.0,4041000.0
2021-02-10 00:00:00.000000,30.91,31.99,30.48,31.78,7360200.0
2021-02-09 00:00:00.000000,32.75,32.9,30.53,30.73,6589200.0
2021-02-08 00:00:00.000000,31.66,32.77,31.43,32.69,7330600.0
2021-02-05 00:00:00.000000,30.39,31.72,30.09,31.42,4650800.0
2021-02-04 00:00:00.000000,30.32,30.92,30.03,30.42,4102400.0
2021-02-03 00:00:00.000000,30.59,30.75,30.22,30.28,3568200.0
2021-02-02 00:00:00.000000,31.95,32.06,30.3,30.51,4280100.0
2021-02-01 00:00:00.000000,31.25,32.06,30.93,31.88,3775700.0
2021-01-29 00:00:00.000000,31.79,32.69,30.96,31.18,5336800.0
2021-01-28 00:00:00.000000,34.38,35.14,31.82,31.9,8424100.0
2021-01-27 00:00:00.000000,35.34,40.73,34.13,34.38,23919900.0
2021-01-26 00:00:00.000000,32.19,35.18,32.19,34.93,15512300.0
2021-01-25 00:00:00.000000,30.2,32.22,30.09,32.09,9136900.0
2021-01-22 00:00:00.000000,30.85,30.86,29.84,30.16,6472900.0
2021-01-21 00:00:00.000000,30.73,31.32,30.63,31.04,4676500.0
2021-01-20 00:00:00.000000,30.03,31.27,30.03,31.02,8677200.0
2021-01-19 00:00:00.000000,31.66,31.66,29.85,30.01,5599900.0
2021-01-15 00:00:00.000000,31.13,31.74,30.73,31.49,9718500.0
2021-01-14 00:00:00.000000,30.18,31.46,29.67,31.27,10724900.0
2021-01-13 00:00:00.000000,29.59,30.03,29.33,29.96,6524000.0
2021-01-12 00:00:00.000000,30.42,30.57,29.7,29.77,4787200.0
2021-01-11 00:00:00.000000,29.97,30.59,29.79,30.33,5215900.0
2021-01-08 00:00:00.000000,30.83,31.04,29.73,30.09,5907900.0
2021-01-07 00:00:00.000000,31.99,31.99,30.92,30.94,5905200.0
2021-01-06 00:00:00.000000,30.1,32.18,29.86,32.01,7887600.0
2021-01-05 00:00:00.000000,28.83,29.6,28.76,29.44,3063100.0
2021-01-04 00:00:00.000000,29.24,29.71,28.46,28.81,4234200.0
2020-12-31 00:00:00.000000,29.13,29.38,28.99,29.12,2676300.0
2020-12-30 00:00:00.000000,29.14,29.55,29.04,29.09,1951600.0
2020-12-29 00:00:00.000000,29.19,29.3,28.84,29.02,1569900.0
2020-12-28 00:00:00.000000,28.46,29.32,28.3,29.14,3661300.0
2020-12-24 00:00:00.000000,28.05,28.53,28.05,28.31,1363500.0
2020-12-23 00:00:00.000000,27.35,28.22,27.29,28.11,3292700.0
2020-12-22 00:00:00.000000,27.51,27.72,27.12,27.27,3069200.0
2020-12-21 00:00:00.000000,27.78,27.93,27.32,27.72,2718900.0
2020-12-18 00:00:00.000000,28.54,28.82,27.92,28.16,6017900.0
2020-12-17 00:00:00.000000,28.57,28.7,27.85,28.54,3799700.0
2020-12-16 00:00:00.000000,28.64,28.88,28.35,28.45,3169500.0
2020-12-15 00:00:00.000000,28.88,28.94,27.99,28.58,4705500.0
2020-12-14 00:00:00.000000,29.74,29.77,28.76,28.78,4596300.0
2020-12-11 00:00:00.000000,28.91,29.37,28.51,29.32,3492100.0
2020-12-10 00:00:00.000000,29.08,29.23,28.88,29.11,3678500.0
2020-12-09 00:00:00.000000,29.33,29.68,29.05,29.24,7025400.0
2020-12-08 00:00:00.000000,29.58,29.79,29.1,29.25,4432800.0
2020-12-07 00:00:00.000000,29.62,30.03,29.5,29.68,5121500.0
2020-12-04 00:00:00.000000,30.47,30.52,29.74,29.84,5831400.0
2020-12-03 00:00:00.000000,30.68,31.01,30.24,30.32,4730800.0
2020-12-02 00:00:00.000000,30.22,30.66,29.77,30.6,10815600.0
2020-12-01 00:00:00.000000,29.12,30.58,28.97,30.14,8829700.0
2020-11-30 00:00:00.000000,29.06,29.21,28.71,28.84,4109500.0
2020-11-27 00:00:00.000000,29.07,29.42,29.07,29.16,1551700.0
2020-11-25 00:00:00.000000,29.45,29.45,28.87,29.3,2204100.0
2020-11-24 00:00:00.000000,28.85,29.75,28.61,29.48,4009900.0
2020-11-23 00:00:00.000000,28.0,28.76,27.75,28.53,3551300.0
2020-11-20 00:00:00.000000,27.73,27.94,27.54,27.83,2846600.0
2020-11-19 00:00:00.000000,27.61,27.98,27.38,27.71,4010200.0
2020-11-18 00:00:00.000000,28.1,28.19,27.64,27.66,4151400.0
2020-11-17 00:00:00.000000,27.07,28.22,26.67,28.16,5242800.0
2020-11-16 00:00:00.000000,26.83,27.63,26.7,27.18,8104900.0
2020-11-13 00:00:00.000000,25.95,26.76,25.61,26.64,6481200.0
2020-11-12 00:00:00.000000,27.12,27.23,25.33,25.64,14392500.0
2020-11-11 00:00:00.000000,26.95,27.6,26.58,27.46,6876700.0
2020-11-10 00:00:00.000000,26.01,27.14,25.88,26.85,4604600.0
2020-11-09 00:00:00.000000,26.97,27.61,25.97,26.25,8566600.0
2020-11-06 00:00:00.000000,26.43,26.61,25.65,25.95,7824100.0
2020-11-05 00:00:00.000000,26.07,26.67,25.44,26.61,6588700.0
2020-11-04 00:00:00.000000,26.93,27.1,24.98,25.63,15753100.0
2020-11-03 00:00:00.000000,28.81,29.28,26.36,27.04,8345200.0
2020-11-02 00:00:00.000000,26.66,27.46,26.29,27.4,7284200.0
2020-10-30 00:00:00.000000,25.56,26.52,25.51,26.52,5642200.0
2020-10-29 00:00:00.000000,24.93,25.81,24.93,25.57,2419900.0
2020-10-28 00:00:00.000000,25.78,26.03,25.21,25.31,3730100.0
2020-10-27 00:00:00.000000,26.35,26.36,26.05,26.18,3079300.0
2020-10-26 00:00:00.000000,26.82,26.84,26.09,26.41,4847100.0
2020-10-23 00:00:00.000000,27.62,27.67,26.72,27.08,3463800.0
2020-10-22 00:00:00.000000,26.84,27.6,26.72,27.46,3572100.0
2020-10-21 00:00:00.000000,25.9,26.7,25.78,26.57,2572500.0
2020-10-20 00:00:00.000000,26.4,26.4,25.87,26.05,3402700.0
2020-10-19 00:00:00.000000,27.09,27.11,25.97,26.02,3741400.0
2020-10-16 00:00:00.000000,27.11,27.23,26.55,26.86,3428300.0
2020-10-15 00:00:00.000000,26.79,26.98,26.37,26.93,6332700.0
2020-10-14 00:00:00.000000,27.26,27.45,26.9,26.93,3279600.0
2020-10-13 00:00:00.000000,28.89,28.92,27.16,27.23,7186800.0
2020-10-12 00:00:00.000000,29.44,29.52,28.83,28.94,3221200.0
2020-10-09 00:00:00.000000,29.77,30.0,29.04,29.19,3239500.0
2020-10-08 00:00:00.000000,29.25,29.57,28.92,29.56,2509300.0
2020-10-07 00:00:00.000000,28.2,29.26,28.1,28.97,4490300.0
2020-10-06 00:00:00.000000,28.78,29.06,27.81,27.92,3580600.0
2020-10-05 00:00:00.000000,28.23,28.78,28.02,28.71,2589600.0
2020-10-02 00:00:00.000000,27.68,28.36,26.92,28.08,4330600.0
2020-10-01 00:00:00.000000,27.96,28.22,27.5,28.02,3437700.0
2020-09-30 00:00:00.000000,27.99,28.52,27.5,27.83,4539300.0
2020-09-29 00:00:00.000000,27.71,27.97,27.12,27.77,3335300.0
2020-09-28 00:00:00.000000,27.09,27.86,27.07,27.84,3112800.0
2020-09-25 00:00:00.000000,25.98,26.84,25.92,26.7,3348500.0
2020-09-24 00:00:00.000000,25.97,26.43,25.57,26.2,2443200.0
2020-09-23 00:00:00.000000,26.59,26.97,25.86,25.91,3726100.0
2020-09-22 00:00:00.000000,26.85,27.12,26.56,26.77,4321000.0
2020-09-21 00:00:00.000000,27.53,27.67,26.44,26.78,4797600.0
2020-09-18 00:00:00.000000,28.65,28.66,27.59,27.96,6768000.0
2020-09-17 00:00:00.000000,28.7,29.25,28.38,28.63,4241300.0
2020-09-16 00:00:00.000000,28.86,29.92,28.75,29.34,5352200.0
2020-09-15 00:00:00.000000,28.73,29.0,28.36,28.61,3350900.0
2020-09-14 00:00:00.000000,28.29,29.3,28.22,28.66,5798200.0
2020-09-11 00:00:00.000000,28.32,28.64,27.64,28.14,4736200.0
2020-09-10 00:00:00.000000,28.27,28.75,28.01,28.19,4424500.0
2020-09-09 00:00:00.000000,27.75,28.43,27.38,28.2,4781100.0
2020-09-08 00:00:00.000000,27.53,28.29,27.45,27.69,4941600.0
2020-09-04 00:00:00.000000,27.88,27.97,27.22,27.66,4928700.0
2020-09-03 00:00:00.000000,28.07,28.62,27.21,27.35,6258200.0
2020-09-02 00:00:00.000000,27.48,28.1,27.47,27.88,3517400.0
2020-09-01 00:00:00.000000,26.8,27.58,26.8,27.44,4016500.0
2020-08-31 00:00:00.000000,28.0,28.41,27.65,27.86,5925300.0
2020-08-28 00:00:00.000000,27.6,27.83,27.41,27.82,3859700.0
2020-08-27 00:00:00.000000,27.4,27.82,27.29,27.57,3601200.0
2020-08-26 00:00:00.000000,26.79,27.3,26.62,27.15,4463600.0
2020-08-25 00:00:00.000000,26.95,27.23,26.41,26.9,4075300.0
2020-08-24 00:00:00.000000,26.08,27.14,26.0,26.98,3620800.0
2020-08-21 00:00:00.000000,25.82,26.05,25.57,26.0,3016600.0
2020-08-20 00:00:00.000000,25.71,26.02,25.51,25.89,4719000.0
2020-08-19 00:00:00.000000,25.6,26.15,25.59,25.85,3437600.0
2020-08-18 00:00:00.000000,25.57,25.8,25.45,25.64,2673600.0
2020-08-17 00:00:00.000000,25.89,25.93,25.17,25.56,3101200.0
2020-08-14 00:00:00.000000,25.59,26.05,25.21,25.74,3036100.0
2020-08-13 00:00:00.000000,24.84,25.61,24.73,25.57,6538900.0
2020-08-12 00:00:00.000000,24.95,25.14,24.6,24.92,4732500.0
2020-08-11 00:00:00.000000,24.78,25.5,24.59,24.66,7979000.0
2020-08-10 00:00:00.000000,24.61,24.86,24.17,24.4,9867100.0
2020-08-07 00:00:00.000000,24.87,25.1,24.27,24.67,7072300.0
2020-08-06 00:00:00.000000,24.9,25.32,24.64,24.99,5962300.0
2020-08-05 00:00:00.000000,25.36,25.71,24.22,24.73,7628100.0
2020-08-04 00:00:00.000000,26.31,27.2,26.18,26.67,5462500.0
2020-08-03 00:00:00.000000,25.77,26.42,25.43,26.36,3825000.0
2020-07-31 00:00:00.000000,25.84,25.84,25.17,25.77,3924900.0
2020-07-30 00:00:00.000000,25.5,26.0,25.26,25.82,3669700.0
2020-07-29 00:00:00.000000,25.87,26.05,25.41,25.86,2170100.0
2020-07-28 00:00:00.000000,25.54,26.18,25.45,25.74,2593900.0
2020-07-27 00:00:00.000000,26.58,26.76,25.41,25.72,4550900.0
2020-07-24 00:00:00.000000,26.42,27.38,26.32,26.66,4132900.0
2020-07-23 00:00:00.000000,26.07,26.53,25.94,26.24,4029800.0
2020-07-22 00:00:00.000000,25.47,25.95,25.22,25.91,2859700.0
2020-07-21 00:00:00.000000,24.92,25.67,24.81,25.4,4913000.0
2020-07-20 00:00:00.000000,25.14,25.39,24.3,24.76,3842300.0
2020-07-17 00:00:00.000000,26.18,26.36,25.01,25.28,5080000.0
2020-07-16 00:00:00.000000,25.87,26.37,25.77,26.17,2200500.0
2020-07-15 00:00:00.000000,25.33,26.18,25.33,26.06,5356100.0
2020-07-14 00:00:00.000000,24.78,25.42,24.48,25.03,3664900.0
2020-07-13 00:00:00.000000,25.11,25.53,24.34,24.96,5806900.0
2020-07-10 00:00:00.000000,24.43,25.39,24.21,25.32,3359700.0
2020-07-09 00:00:00.000000,25.28,25.42,23.93,24.37,5923700.0
2020-07-08 00:00:00.000000,25.58,25.67,25.0,25.3,4276500.0
2020-07-07 00:00:00.000000,26.24,26.38,25.63,25.69,3815000.0
2020-07-06 00:00:00.000000,27.01,27.29,26.12,26.5,5096700.0
2020-07-02 00:00:00.000000,27.63,27.73,26.47,26.56,3614200.0
2020-07-01 00:00:00.000000,26.92,27.35,26.48,26.93,3724500.0
2020-06-30 00:00:00.000000,26.8,27.0,26.48,26.82,3837900.0
2020-06-29 00:00:00.000000,25.87,26.93,25.73,26.9,4638000.0
2020-06-26 00:00:00.000000,26.68,26.74,25.47,25.7,7361000.0
2020-06-25 00:00:00.000000,26.99,27.1,26.42,26.93,5782100.0
2020-06-24 00:00:00.000000,27.95,28.08,26.9,27.38,5106400.0
2020-06-23 00:00:00.000000,28.47,28.85,28.18,28.26,5512500.0
2020-06-22 00:00:00.000000,28.04,28.21,27.58,28.11,5569000.0
2020-06-19 00:00:00.000000,30.15,30.15,28.21,28.32,7580100.0
2020-06-18 00:00:00.000000,28.03,29.04,27.72,29.0,5025900.0
2020-06-17 00:00:00.000000,28.28,28.52,27.81,28.07,5167600.0
2020-06-16 00:00:00.000000,30.15,30.47,27.97,28.31,4684400.0
2020-06-15 00:00:00.000000,27.36,29.75,27.11,29.29,4892900.0
2020-06-12 00:00:00.000000,28.9,29.03,27.66,28.29,4221100.0
2020-06-11 00:00:00.000000,29.36,29.45,27.91,28.06,5890600.0
2020-06-10 00:00:00.000000,30.7,30.82,29.53,30.14,4328100.0
2020-06-09 00:00:00.000000,31.72,32.12,30.75,30.81,4999100.0
2020-06-08 00:00:00.000000,31.03,32.78,31.03,32.48,5503500.0
2020-06-05 00:00:00.000000,31.92,32.35,30.53,30.85,5592600.0
2020-06-04 00:00:00.000000,30.57,31.05,30.08,30.53,3668300.0
2020-06-03 00:00:00.000000,29.81,31.18,29.45,30.77,5762700.0
2020-06-02 00:00:00.000000,29.63,29.76,29.07,29.3,3560200.0
2020-06-01 00:00:00.000000,29.13,29.75,29.07,29.54,2467000.0
2020-05-29 00:00:00.000000,28.77,29.21,28.36,29.17,4180800.0
2020-05-28 00:00:00.000000,29.61,29.94,28.86,28.93,3400400.0
2020-05-27 00:00:00.000000,29.68,30.16,29.04,29.65,5280600.0
2020-05-26 00:00:00.000000,28.74,29.25,28.48,29.03,4499700.0
2020-05-22 00:00:00.000000,27.53,27.97,27.47,27.8,2656900.0
2020-05-21 00:00:00.000000,27.61,28.07,27.56,27.62,2945500.0
2020-05-20 00:00:00.000000,27.88,28.43,27.63,27.81,3226800.0
2020-05-19 00:00:00.000000,27.49,28.13,27.0,27.57,4340300.0
2020-05-18 00:00:00.000000,26.99,27.64,26.62,27.47,4533300.0
2020-05-15 00:00:00.000000,25.52,26.19,25.24,26.06,3136000.0
2020-05-14 00:00:00.000000,24.12,25.83,23.77,25.77,4823700.0
2020-05-13 00:00:00.000000,25.22,25.22,23.74,24.52,4540500.0
2020-05-12 00:00:00.000000,25.81,26.08,25.17,25.35,3936100.0
2020-05-11 00:00:00.000000,25.54,26.06,25.04,25.67,4509100.0
2020-05-08 00:00:00.000000,25.97,26.3,25.63,26.0,6613700.0
2020-05-07 00:00:00.000000,26.46,27.08,25.21,25.25,8125000.0
2020-05-06 00:00:00.000000,24.3,25.0,23.57,24.81,5374500.0
2020-05-05 00:00:00.000000,25.04,25.36,23.89,24.1,4870400.0
2020-05-04 00:00:00.000000,25.32,25.42,24.56,25.0,4232500.0
2020-05-01 00:00:00.000000,25.43,25.82,24.98,25.43,2782600.0
2020-04-30 00:00:00.000000,27.56,27.88,25.4,25.87,6059700.0
2020-04-29 00:00:00.000000,28.02,28.62,27.95,28.37,5137900.0
2020-04-28 00:00:00.000000,26.99,28.06,26.71,27.14,5663000.0
2020-04-27 00:00:00.000000,25.21,26.68,25.01,26.39,3912900.0
2020-04-24 00:00:00.000000,24.9,25.01,24.36,24.83,4955100.0
2020-04-23 00:00:00.000000,24.88,25.43,23.92,24.86,4201900.0
2020-04-22 00:00:00.000000,26.05,26.39,24.71,24.77,3965300.0
2020-04-21 00:00:00.000000,25.38,25.9,25.15,25.54,3155400.0
2020-04-20 00:00:00.000000,26.17,26.78,25.98,26.06,2551500.0
2020-04-17 00:00:00.000000,26.19,26.95,25.97,26.88,4006900.0
2020-04-16 00:00:00.000000,25.64,25.95,24.85,25.54,2594500.0
2020-04-15 00:00:00.000000,25.77,25.87,24.96,25.7,2454600.0
2020-04-14 00:00:00.000000,26.34,26.66,25.91,26.51,2735400.0
2020-04-13 00:00:00.000000,25.83,26.11,24.94,25.99,3468400.0
2020-04-09 00:00:00.000000,26.54,27.08,25.6,25.99,5180200.0
2020-04-08 00:00:00.000000,25.94,26.57,25.51,26.3,4832200.0
2020-04-07 00:00:00.000000,26.21,27.11,25.39,25.49,4559900.0
2020-04-06 00:00:00.000000,23.42,25.26,23.32,25.06,4453800.0
2020-04-03 00:00:00.000000,22.51,22.73,21.81,22.3,4296100.0
2020-04-02 00:00:00.000000,22.49,23.5,22.0,22.67,4944600.0
2020-04-01 00:00:00.000000,22.67,22.78,21.95,22.34,4556100.0
2020-03-31 00:00:00.000000,24.69,24.82,23.45,23.63,5594100.0
2020-03-30 00:00:00.000000,22.3,24.47,22.0,24.31,5909900.0
2020-03-27 00:00:00.000000,24.16,24.26,22.33,22.51,6134500.0
2020-03-26 00:00:00.000000,24.2,25.55,24.15,24.97,5185800.0
2020-03-25 00:00:00.000000,22.36,25.42,21.98,24.14,7525500.0
2020-03-24 00:00:00.000000,21.12,22.35,20.55,22.29,6343500.0
2020-03-23 00:00:00.000000,21.13,21.34,19.81,20.2,8091700.0
2020-03-20 00:00:00.000000,23.17,23.6,20.85,20.99,8498700.0
2020-03-19 00:00:00.000000,22.29,23.9,20.78,22.82,6085400.0
2020-03-18 00:00:00.000000,23.72,24.7,21.84,22.34,7119000.0
2020-03-17 00:00:00.000000,24.37,25.58,22.92,25.14,7751200.0
2020-03-16 00:00:00.000000,23.81,24.97,23.12,24.01,9605600.0
2020-03-13 00:00:00.000000,27.56,28.64,24.6,26.15,6759900.0
2020-03-12 00:00:00.000000,26.76,27.1,24.87,26.22,7766100.0
2020-03-11 00:00:00.000000,28.21,28.66,27.52,27.78,5364500.0
2020-03-10 00:00:00.000000,28.27,29.26,27.0,29.11,4608400.0
2020-03-09 00:00:00.000000,26.93,27.99,25.04,27.48,6988900.0
2020-03-06 00:00:00.000000,28.25,29.09,28.16,28.84,8403600.0
2020-03-05 00:00:00.000000,30.16,30.39,29.18,29.44,5392200.0
2020-03-04 00:00:00.000000,31.32,31.57,30.42,30.93,4338400.0
2020-03-03 00:00:00.000000,31.42,32.63,30.66,30.99,4869200.0
2020-03-02 00:00:00.000000,30.73,32.14,30.35,32.11,7503700.0
2020-02-28 00:00:00.000000,30.25,31.68,30.16,30.74,7567100.0
2020-02-27 00:00:00.000000,32.23,32.89,31.33,31.34,7439900.0
2020-02-26 00:00:00.000000,33.56,33.77,32.4,32.79,5632300.0
2020-02-25 00:00:00.000000,34.81,35.0,33.03,33.21,5241300.0
2020-02-24 00:00:00.000000,35.65,35.65,34.48,34.69,5577600.0
2020-02-21 00:00:00.000000,36.71,37.6,35.75,35.99,5024200.0
2020-02-20 00:00:00.000000,37.7,37.9,36.33,37.03,5305700.0
2020-02-19 00:00:00.000000,37.93,38.28,37.6,38.03,1839300.0
2020-02-18 00:00:00.000000,37.76,37.99,37.45,37.78,2065400.0
2020-02-14 00:00:00.000000,38.08,38.11,37.48,37.8,2349600.0
2020-02-13 00:00:00.000000,37.53,38.28,37.46,38.0,2034800.0
2020-02-12 00:00:00.000000,37.33,37.7,37.23,37.67,3303300.0
2020-02-11 00:00:00.000000,37.23,37.44,36.66,37.13,2550300.0
2020-02-10 00:00:00.000000,36.87,37.41,36.72,37.3,3212900.0
2020-02-07 00:00:00.000000,36.98,37.07,36.48,37.0,3634300.0
2020-02-06 00:00:00.000000,39.1,39.42,36.73,37.11,9336400.0
2020-02-05 00:00:00.000000,38.54,38.98,38.12,38.67,6335000.0
2020-02-04 00:00:00.000000,37.96,38.31,37.75,38.03,3331000.0
2020-02-03 00:00:00.000000,37.3,37.99,37.11,37.59,3371400.0
2020-01-31 00:00:00.000000,37.0,37.2,36.47,37.08,5283900.0
2020-01-30 00:00:00.000000,36.17,37.07,36.05,37.03,2956800.0
2020-01-29 00:00:00.000000,36.95,37.22,36.42,36.58,2596000.0
2020-01-28 00:00:00.000000,37.35,37.43,36.75,37.14,3268100.0
2020-01-27 00:00:00.000000,36.44,37.01,36.19,36.88,9909300.0
2020-01-24 00:00:00.000000,37.3,37.46,36.18,36.61,9289700.0
2020-01-23 00:00:00.000000,38.77,39.02,37.34,37.49,5845500.0
2020-01-22 00:00:00.000000,39.15,39.31,38.85,39.09,3920900.0
2020-01-21 00:00:00.000000,39.0,39.38,38.84,39.1,4104800.0
2020-01-17 00:00:00.000000,39.28,39.74,39.16,39.34,4785900.0
2020-01-16 00:00:00.000000,37.71,39.14,37.62,39.11,7362800.0
2020-01-15 00:00:00.000000,37.36,37.6,37.17,37.48,6165200.0
2020-01-14 00:00:00.000000,36.79,37.51,36.76,37.26,4530900.0
2020-01-13 00:00:00.000000,36.72,37.15,36.47,36.99,2674400.0
2020-01-10 00:00:00.000000,37.12,37.24,36.64,36.72,2664000.0
2020-01-09 00:00:00.000000,37.18,37.37,36.81,37.18,3621900.0
2020-01-08 00:00:00.000000,37.13,37.51,37.04,37.11,3709700.0
2020-01-07 00:00:00.000000,36.56,37.22,36.4,37.07,3254000.0
2020-01-06 00:00:00.000000,36.66,36.76,36.36,36.57,2433100.0
2020-01-03 00:00:00.000000,36.69,36.98,36.62,36.67,4035800.0
2020-01-02 00:00:00.000000,37.41,37.47,36.58,37.07,4500700.0
2019-12-31 00:00:00.000000,36.94,37.17,36.76,37.07,2315400.0
2019-12-30 00:00:00.000000,37.42,37.56,36.99,37.08,3039600.0
2019-12-27 00:00:00.000000,37.65,37.72,37.22,37.41,1969000.0
2019-12-26 00:00:00.000000,37.26,37.67,37.26,37.57,3699200.0
2019-12-24 00:00:00.000000,37.44,37.6,37.25,37.3,1940700.0
2019-12-23 00:00:00.000000,37.17,37.62,37.04,37.46,3712100.0
2019-12-20 00:00:00.000000,37.29,37.29,36.72,37.17,6211700.0
2019-12-19 00:00:00.000000,36.76,37.17,36.76,37.0,2629300.0
2019-12-18 00:00:00.000000,37.19,37.33,36.89,36.93,3392500.0
2019-12-17 00:00:00.000000,36.71,37.26,36.44,37.16,4143100.0
2019-12-16 00:00:00.000000,36.95,37.16,36.7,36.81,4273000.0
2019-12-13 00:00:00.000000,36.73,36.99,36.51,36.77,5970900.0
2019-12-12 00:00:00.000000,36.32,36.94,36.11,36.85,5796400.0
2019-12-11 00:00:00.000000,35.75,36.6,35.75,36.16,5668700.0
2019-12-10 00:00:00.000000,35.51,36.01,35.24,35.81,5996800.0
2019-12-09 00:00:00.000000,35.5,36.01,35.35,35.62,2849100.0
2019-12-06 00:00:00.000000,35.71,35.91,35.35,35.42,1733500.0
2019-12-05 00:00:00.000000,35.65,35.77,35.23,35.5,2921800.0
2019-12-04 00:00:00.000000,35.53,35.69,34.99,35.5,3768400.0
2019-12-03 00:00:00.000000,35.41,35.53,34.71,35.19,4190500.0
2019-12-02 00:00:00.000000,35.75,36.02,35.55,35.6,2564800.0
2019-11-29 00:00:00.000000,35.81,36.0,35.37,35.76,1704900.0
2019-11-27 00:00:00.000000,36.06,36.19,35.67,35.78,2455900.0
2019-11-26 00:00:00.000000,35.67,36.1,35.55,35.93,3086300.0
2019-11-25 00:00:00.000000,35.7,35.86,35.35,35.68,4900400.0
2019-11-22 00:00:00.000000,35.77,36.04,35.51,35.66,4408100.0
2019-11-21 00:00:00.000000,35.93,36.35,35.56,35.7,2861500.0
2019-11-20 00:00:00.000000,35.66,36.41,35.66,35.89,4320300.0
2019-11-19 00:00:00.000000,35.22,36.33,35.22,36.26,5873500.0
2019-11-18 00:00:00.000000,34.31,35.25,34.21,35.19,5690300.0
2019-11-15 00:00:00.000000,34.39,34.68,33.93,34.27,4475200.0
2019-11-14 00:00:00.000000,34.14,34.51,33.99,34.22,4022400.0
2019-11-13 00:00:00.000000,34.37,34.72,34.19,34.26,4313900.0
2019-11-12 00:00:00.000000,35.07,35.1,34.45,34.49,3906100.0
2019-11-11 00:00:00.000000,34.95,35.07,34.59,34.99,3279900.0
2019-11-08 00:00:00.000000,35.0,35.23,34.59,35.14,4979800.0
2019-11-07 00:00:00.000000,33.95,34.97,33.37,34.94,7987600.0
2019-11-06 00:00:00.000000,32.84,33.18,32.3,33.1,5636000.0
2019-11-05 00:00:00.000000,32.58,33.08,32.53,32.83,3198300.0
2019-11-04 00:00:00.000000,32.5,32.6,32.29,32.55,2593900.0
2019-11-01 00:00:00.000000,32.17,32.54,31.96,32.39,3809000.0
2019-10-31 00:00:00.000000,32.0,32.08,31.67,32.04,5058400.0
2019-10-30 00:00:00.000000,32.66,32.85,32.0,32.08,4342900.0
2019-10-29 00:00:00.000000,32.82,33.04,32.55,32.84,3507400.0
2019-10-28 00:00:00.000000,32.54,33.41,32.41,32.99,8672300.0
2019-10-25 00:00:00.000000,32.39,32.78,32.32,32.41,5446800.0
2019-10-24 00:00:00.000000,33.18,33.39,31.79,32.3,9056900.0
2019-10-23 00:00:00.000000,33.33,33.67,33.15,33.24,7061400.0
2019-10-22 00:00:00.000000,32.73,33.56,32.55,33.45,5518000.0
2019-10-21 00:00:00.000000,32.36,32.81,32.2,32.74,5158700.0
2019-10-18 00:00:00.000000,32.04,32.57,31.96,32.21,8890300.0
2019-10-17 00:00:00.000000,32.1,32.14,31.54,31.98,9068100.0
2019-10-16 00:00:00.000000,31.61,32.01,31.55,31.99,4383300.0
2019-10-15 00:00:00.000000,31.33,31.81,31.15,31.7,3758800.0
2019-10-14 00:00:00.000000,31.27,31.43,31.04,31.39,2998500.0
2019-10-11 00:00:00.000000,30.99,31.75,30.76,31.46,4444200.0
2019-10-10 00:00:00.000000,30.24,30.55,30.05,30.52,3493600.0
2019-10-09 00:00:00.000000,30.36,30.45,29.96,30.23,3537100.0
2019-10-08 00:00:00.000000,30.27,30.28,29.69,30.06,3829600.0
2019-10-07 00:00:00.000000,30.75,31.14,30.58,30.6,4854600.0
2019-10-04 00:00:00.000000,30.6,30.81,30.37,30.57,2858300.0
2019-10-03 00:00:00.000000,30.34,30.55,29.7,30.46,7168800.0
2019-10-02 00:00:00.000000,31.17,31.29,30.36,30.42,4879800.0
2019-10-01 00:00:00.000000,31.73,32.07,31.2,31.24,2703400.0
2019-09-30 00:00:00.000000,31.63,31.87,31.35,31.53,3152800.0
2019-09-27 00:00:00.000000,31.65,31.72,31.15,31.44,4252800.0
2019-09-26 00:00:00.000000,32.18,32.19,31.39,31.45,5960000.0
2019-09-25 00:00:00.000000,31.61,32.18,31.56,32.01,4376500.0
2019-09-24 00:00:00.000000,32.28,32.44,31.48,31.59,5844900.0
2019-09-23 00:00:00.000000,32.37,32.49,32.0,32.27,3485400.0
2019-09-20 00:00:00.000000,31.99,32.42,31.72,32.27,8111700.0
2019-09-19 00:00:00.000000,32.48,32.78,31.96,32.04,4889000.0
2019-09-18 00:00:00.000000,32.88,32.96,32.13,32.64,5590600.0
2019-09-17 00:00:00.000000,33.59,33.59,32.79,32.86,6701300.0
2019-09-16 00:00:00.000000,33.68,33.83,33.47,33.6,2175600.0
2019-09-13 00:00:00.000000,33.96,34.21,33.51,33.83,4606100.0
2019-09-12 00:00:00.000000,34.19,34.19,33.67,33.79,4290500.0
2019-09-11 00:00:00.000000,34.28,34.43,33.8,34.0,3287100.0
2019-09-10 00:00:00.000000,33.85,34.72,33.85,34.3,3198100.0
2019-09-09 00:00:00.000000,33.39,34.34,33.39,34.3,2659800.0
2019-09-06 00:00:00.000000,34.32,34.74,34.06,34.23,2514600.0
2019-09-05 00:00:00.000000,33.64,34.4,33.56,34.25,3946900.0
2019-09-04 00:00:00.000000,32.99,33.61,32.9,33.56,2280900.0
2019-09-03 00:00:00.000000,32.66,33.11,32.54,32.77,2090800.0
2019-08-30 00:00:00.000000,33.72,33.72,32.79,33.17,2924600.0
2019-08-29 00:00:00.000000,32.0,33.12,31.88,32.74,3687100.0
2019-08-28 00:00:00.000000,32.05,32.28,31.62,31.79,3567200.0
2019-08-27 00:00:00.000000,32.22,32.38,31.92,31.93,3449400.0
2019-08-26 00:00:00.000000,31.84,32.14,31.58,32.08,3235600.0
2019-08-23 00:00:00.000000,32.93,33.08,31.63,31.75,3866200.0
2019-08-22 00:00:00.000000,33.38,33.54,32.95,33.05,3725400.0
2019-08-21 00:00:00.000000,33.64,33.72,33.01,33.41,3050400.0
2019-08-20 00:00:00.000000,33.83,34.05,33.52,33.59,2810700.0
2019-08-19 00:00:00.000000,33.32,34.03,33.29,33.87,3915100.0
2019-08-16 00:00:00.000000,33.0,33.3,32.67,32.99,3230900.0
2019-08-15 00:00:00.000000,33.88,34.09,32.72,32.75,7037700.0
2019-08-14 00:00:00.000000,34.7,34.75,33.38,33.69,7489800.0
2019-08-13 00:00:00.000000,34.84,35.59,34.8,35.06,2940800.0
2019-08-12 00:00:00.000000,35.04,35.32,34.7,34.95,4172900.0
2019-08-09 00:00:00.000000,35.11,35.65,34.98,35.4,4234400.0
2019-08-08 00:00:00.000000,37.22,37.25,35.0,35.13,9539900.0
2019-08-07 00:00:00.000000,35.89,37.15,35.8,37.04,4657400.0
2019-08-06 00:00:00.000000,36.16,36.6,35.93,36.45,3366700.0
2019-08-05 00:00:00.000000,36.47,36.56,35.77,36.05,4517200.0
2019-08-02 00:00:00.000000,36.73,36.96,36.33,36.63,2419000.0
2019-08-01 00:00:00.000000,37.25,37.49,36.72,36.89,3280700.0
2019-07-31 00:00:00.000000,37.67,37.69,36.81,37.32,5280600.0
2019-07-30 00:00:00.000000,37.35,37.98,37.32,37.82,2971800.0
2019-07-29 00:00:00.000000,37.16,37.57,37.07,37.51,2130600.0
2019-07-26 00:00:00.000000,37.29,37.8,37.08,37.21,2669100.0
2019-07-25 00:00:00.000000,36.63,37.34,36.63,37.17,3251600.0
2019-07-24 00:00:00.000000,36.13,36.86,36.13,36.6,5980600.0
2019-07-23 00:00:00.000000,36.19,36.39,35.84,36.22,5573600.0
2019-07-22 00:00:00.000000,36.51,36.61,36.06,36.1,7865700.0
2019-07-19 00:00:00.000000,36.7,36.74,36.14,36.43,4402000.0
2019-07-18 00:00:00.000000,36.17,36.72,35.96,36.55,5286800.0
2019-07-17 00:00:00.000000,36.73,36.76,36.11,36.17,5740500.0
2019-07-16 00:00:00.000000,36.93,37.11,36.63,36.69,2721500.0
2019-07-15 00:00:00.000000,37.03,37.16,36.64,37.01,2861600.0
2019-07-12 00:00:00.000000,36.46,37.04,36.1,36.96,2755700.0
2019-07-11 00:00:00.000000,36.17,36.35,35.85,36.29,2987000.0
2019-07-10 00:00:00.000000,36.19,36.43,36.08,36.14,2400700.0
2019-07-09 00:00:00.000000,36.03,36.27,35.82,36.02,2379600.0
2019-07-08 00:00:00.000000,36.53,36.67,36.08,36.13,1644600.0
2019-07-05 00:00:00.000000,36.24,36.8,36.08,36.6,1982000.0
2019-07-03 00:00:00.000000,36.6,36.82,36.27,36.35,3160300.0
2019-07-02 00:00:00.000000,36.01,36.62,35.92,36.59,3599500.0
2019-07-01 00:00:00.000000,36.46,36.99,35.74,35.92,6396600.0
2019-06-28 00:00:00.000000,35.98,36.76,35.81,36.64,10930000.0
2019-06-27 00:00:00.000000,35.53,36.33,35.2,35.99,5083900.0
2019-06-26 00:00:00.000000,35.79,36.1,35.33,35.47,4297300.0
2019-06-25 00:00:00.000000,35.78,35.86,35.14,35.34,7204300.0
2019-06-24 00:00:00.000000,36.01,36.07,35.6,35.8,5280100.0
2019-06-21 00:00:00.000000,35.61,37.29,35.31,36.18,11402200.0
2019-06-20 00:00:00.000000,36.38,36.47,35.56,35.58,5916500.0
2019-06-19 00:00:00.000000,36.26,36.42,35.68,35.99,4790000.0
2019-06-18 00:00:00.000000,36.45,37.05,36.08,36.19,4938900.0
2019-06-17 00:00:00.000000,35.42,36.33,35.34,36.13,7195400.0
2019-06-14 00:00:00.000000,35.24,35.5,34.93,35.24,4362200.0
2019-06-13 00:00:00.000000,35.17,35.5,34.96,35.29,4384800.0
2019-06-12 00:00:00.000000,34.2,35.1,34.16,35.05,4426800.0
2019-06-11 00:00:00.000000,34.23,34.41,34.01,34.18,3166900.0
2019-06-10 00:00:00.000000,34.05,34.4,33.9,34.03,5620500.0
2019-06-07 00:00:00.000000,34.18,34.44,34.0,34.01,4226800.0
2019-06-06 00:00:00.000000,34.66,34.66,33.98,34.12,5288300.0
2019-06-05 00:00:00.000000,34.62,34.98,34.28,34.36,6240600.0
2019-06-04 00:00:00.000000,34.52,35.25,34.15,34.48,8058900.0
2019-06-03 00:00:00.000000,35.05,35.3,33.78,34.24,7665000.0
2019-05-31 00:00:00.000000,34.97,35.27,34.7,35.23,6706100.0
2019-05-30 00:00:00.000000,35.88,36.15,35.15,35.22,4730400.0
2019-05-29 00:00:00.000000,36.5,36.65,35.79,35.79,3691300.0
2019-05-28 00:00:00.000000,36.97,37.34,36.51,36.64,4380400.0
2019-05-24 00:00:00.000000,37.05,37.21,36.85,36.92,2879000.0
2019-05-23 00:00:00.000000,36.82,37.08,36.63,36.91,4431900.0
2019-05-22 00:00:00.000000,37.66,37.76,37.06,37.12,3431200.0
2019-05-21 00:00:00.000000,37.26,38.0,37.1,37.69,4668600.0
2019-05-20 00:00:00.000000,37.18,37.64,37.0,37.14,3670000.0
2019-05-17 00:00:00.000000,36.56,37.59,36.55,37.32,5508000.0
2019-05-16 00:00:00.000000,37.91,38.08,36.7,36.74,8704900.0
2019-05-15 00:00:00.000000,37.7,37.97,37.57,37.71,2975400.0
2019-05-14 00:00:00.000000,38.05,38.52,37.87,37.89,6198600.0
2019-05-13 00:00:00.000000,37.77,38.68,37.73,37.97,5604000.0
2019-05-10 00:00:00.000000,38.64,38.75,37.44,38.53,6742500.0
2019-05-09 00:00:00.000000,38.5,39.25,37.51,38.5,15210200.0
2019-05-08 00:00:00.000000,37.34,37.7,36.85,37.42,8635300.0
2019-05-07 00:00:00.000000,37.58,37.81,37.12,37.26,6053300.0
2019-05-06 00:00:00.000000,37.17,37.99,36.96,37.92,4801300.0
2019-05-03 00:00:00.000000,37.41,37.75,37.12,37.47,4809800.0
2019-05-02 00:00:00.000000,39.23,39.47,37.08,37.28,11495900.0
2019-05-01 00:00:00.000000,39.12,39.49,38.66,39.4,5149800.0
2019-04-30 00:00:00.000000,39.19,39.33,38.47,38.99,5044400.0
2019-04-29 00:00:00.000000,38.54,39.53,38.31,39.2,6885200.0
2019-04-26 00:00:00.000000,38.08,38.53,37.9,38.48,5297400.0
2019-04-25 00:00:00.000000,37.98,38.2,37.54,38.15,5309700.0
2019-04-24 00:00:00.000000,37.95,38.31,37.81,37.96,5323500.0
2019-04-23 00:00:00.000000,37.79,38.39,37.63,38.08,6328800.0
2019-04-22 00:00:00.000000,38.36,38.44,37.62,37.7,7675300.0
2019-04-18 00:00:00.000000,38.91,39.0,38.43,38.44,4737400.0
2019-04-17 00:00:00.000000,37.87,38.85,37.76,38.84,7603800.0
2019-04-16 00:00:00.000000,37.67,37.85,37.47,37.75,5722000.0
2019-04-15 00:00:00.000000,37.46,37.57,36.99,37.53,3927100.0
2019-04-12 00:00:00.000000,37.15,37.62,36.47,37.53,6368500.0
2019-04-11 00:00:00.000000,36.57,37.16,35.99,37.09,4791400.0
2019-04-10 00:00:00.000000,37.33,37.53,36.36,36.48,4828400.0
2019-04-09 00:00:00.000000,37.42,37.65,37.17,37.31,5725900.0
2019-04-08 00:00:00.000000,37.6,37.68,37.26,37.47,3393300.0
2019-04-05 00:00:00.000000,36.79,37.85,36.69,37.68,7344900.0
2019-04-04 00:00:00.000000,36.2,36.8,36.01,36.76,4908400.0
2019-04-03 00:00:00.000000,36.37,36.56,35.9,36.08,8393500.0
2019-04-02 00:00:00.000000,36.96,37.18,35.9,36.28,6704600.0
2019-04-01 00:00:00.000000,36.91,37.15,36.71,36.85,5311200.0
2019-03-29 00:00:00.000000,36.55,36.91,36.15,36.71,5895300.0
2019-03-28 00:00:00.000000,36.85,37.15,36.34,36.4,5326200.0
2019-03-27 00:00:00.000000,37.52,37.91,36.76,36.92,5578100.0
2019-03-26 00:00:00.000000,37.65,38.28,37.51,37.54,6287100.0
2019-03-25 00:00:00.000000,38.89,38.96,37.39,37.44,9338900.0
2019-03-22 00:00:00.000000,39.93,39.99,37.69,38.72,10898000.0
2019-03-21 00:00:00.000000,39.0,40.07,38.75,40.02,12751700.0
2019-03-20 00:00:00.000000,40.49,40.81,38.24,38.62,15683200.0
2019-03-19 00:00:00.000000,41.55,41.7,39.84,40.34,10118500.0
2019-03-18 00:00:00.000000,41.95,41.95,41.05,41.7,4020900.0
2019-03-15 00:00:00.000000,41.38,41.87,41.24,41.7,7107300.0
2019-03-14 00:00:00.000000,39.75,41.4,39.75,40.65,6248600.0
2019-03-13 00:00:00.000000,39.0,39.9,38.7,39.75,20477400.0
2019-03-12 00:00:00.000000,38.0,38.0,38.0,38.0,10000.0
