timestamp,open,high,low,close,volume
2023-12-29 00:00:00.000000,109.94,110.64,108.35,108.52,1365800.0
2023-12-28 00:00:00.000000,111.07,111.18,109.92,110.44,874600.0
2023-12-27 00:00:00.000000,111.0,111.25,109.79,110.75,1261700.0
2023-12-26 00:00:00.000000,108.08,110.85,108.08,110.35,1389000.0
2023-12-22 00:00:00.000000,107.0,107.82,106.55,107.63,832200.0
2023-12-21 00:00:00.000000,105.99,107.02,105.68,106.59,1812100.0
2023-12-20 00:00:00.000000,105.07,106.76,103.43,103.61,1870700.0
2023-12-19 00:00:00.000000,106.0,106.94,105.48,105.88,1379500.0
2023-12-18 00:00:00.000000,105.07,105.47,103.64,105.28,2556800.0
2023-12-15 00:00:00.000000,104.18,106.25,104.1,105.16,4609900.0
2023-12-14 00:00:00.000000,99.49,105.66,99.49,105.39,3680700.0
2023-12-13 00:00:00.000000,96.18,99.03,95.54,98.16,1403200.0
2023-12-12 00:00:00.000000,96.34,97.17,96.09,96.34,913000.0
2023-12-11 00:00:00.000000,93.36,97.34,93.36,96.73,2222200.0
2023-12-08 00:00:00.000000,92.26,93.57,91.84,92.29,1688300.0
2023-12-07 00:00:00.000000,91.91,93.03,91.11,92.61,1331900.0
2023-12-06 00:00:00.000000,92.67,93.24,91.12,91.22,1601100.0
2023-12-05 00:00:00.000000,92.21,92.22,90.24,91.24,1352600.0
2023-12-04 00:00:00.000000,93.12,93.45,91.27,93.16,1381400.0
2023-12-01 00:00:00.000000,91.76,93.91,91.12,93.86,934500.0
2023-11-30 00:00:00.000000,92.94,93.55,91.29,92.23,2072900.0
2023-11-29 00:00:00.000000,92.6,94.17,92.47,92.76,1724600.0
2023-11-28 00:00:00.000000,91.43,91.98,90.53,91.24,1063700.0
2023-11-27 00:00:00.000000,91.73,92.45,91.13,91.93,818500.0
2023-11-24 00:00:00.000000,92.38,92.81,92.15,92.49,472300.0
2023-11-22 00:00:00.000000,92.78,93.93,91.97,92.44,1306400.0
2023-11-21 00:00:00.000000,92.76,93.22,91.27,91.76,1427100.0
2023-11-20 00:00:00.000000,92.32,93.36,91.97,93.08,1665700.0
2023-11-17 00:00:00.000000,91.01,92.1,90.58,92.09,1330800.0
2023-11-16 00:00:00.000000,91.24,91.79,90.38,90.74,1995600.0
2023-11-15 00:00:00.000000,91.11,92.49,90.43,91.37,1371900.0
2023-11-14 00:00:00.000000,89.54,90.86,89.15,90.65,2095400.0
2023-11-13 00:00:00.000000,87.43,87.91,85.75,86.62,1703300.0
2023-11-10 00:00:00.000000,86.01,88.46,85.2,88.12,1798300.0
2023-11-09 00:00:00.000000,86.93,87.01,84.66,84.93,2676700.0
2023-11-08 00:00:00.000000,86.97,87.38,86.06,86.38,1434400.0
2023-11-07 00:00:00.000000,87.58,87.97,86.75,87.03,1284300.0
2023-11-06 00:00:00.000000,88.13,88.39,86.64,87.61,1250200.0
2023-11-03 00:00:00.000000,87.14,88.34,86.86,87.7,1606700.0
2023-11-02 00:00:00.000000,83.78,86.73,83.74,85.9,2277600.0
2023-11-01 00:00:00.000000,83.27,83.5,81.08,82.76,2091200.0
2023-10-31 00:00:00.000000,83.39,84.07,82.65,83.27,1540200.0
2023-10-30 00:00:00.000000,83.82,84.2,81.95,83.46,1656300.0
2023-10-27 00:00:00.000000,84.83,85.26,82.76,83.84,2015500.0
2023-10-26 00:00:00.000000,85.4,89.79,84.78,85.12,2954300.0
2023-10-25 00:00:00.000000,90.86,91.13,86.52,87.91,2722900.0
2023-10-24 00:00:00.000000,91.29,92.13,90.44,91.61,1342900.0
2023-10-23 00:00:00.000000,91.0,92.81,90.65,90.92,1325100.0
2023-10-20 00:00:00.000000,92.33,93.22,91.53,91.74,1264000.0
2023-10-19 00:00:00.000000,94.89,95.21,92.27,92.74,1927300.0
2023-10-18 00:00:00.000000,94.62,95.41,93.08,94.08,1410900.0
2023-10-17 00:00:00.000000,95.15,97.42,93.89,96.52,1540200.0
2023-10-16 00:00:00.000000,95.66,97.28,95.42,97.0,1900700.0
2023-10-13 00:00:00.000000,99.5,99.54,95.28,95.6,1532800.0
2023-10-12 00:00:00.000000,99.57,101.47,98.51,99.39,1135500.0
2023-10-11 00:00:00.000000,99.75,100.43,98.53,99.56,991500.0
2023-10-10 00:00:00.000000,99.23,100.63,99.0,99.59,1241800.0
2023-10-09 00:00:00.000000,99.39,99.54,97.97,99.05,953400.0
2023-10-06 00:00:00.000000,98.76,101.4,97.97,100.67,1242200.0
2023-10-05 00:00:00.000000,99.78,100.95,98.26,99.54,1069900.0
2023-10-04 00:00:00.000000,99.15,100.72,98.34,100.27,1002700.0
2023-10-03 00:00:00.000000,100.1,100.85,97.88,98.56,1152500.0
2023-10-02 00:00:00.000000,100.51,101.63,99.66,100.67,1357800.0
2023-09-29 00:00:00.000000,101.11,101.53,100.26,100.46,1331200.0
2023-09-28 00:00:00.000000,96.39,100.67,96.25,99.68,1583900.0
2023-09-27 00:00:00.000000,96.85,97.34,95.5,96.48,1852700.0
2023-09-26 00:00:00.000000,97.32,97.62,95.52,95.83,1410600.0
2023-09-25 00:00:00.000000,95.0,96.82,94.94,96.44,966500.0
2023-09-22 00:00:00.000000,96.61,97.05,95.18,95.4,1019800.0
2023-09-21 00:00:00.000000,95.38,96.65,95.21,95.61,1487800.0
2023-09-20 00:00:00.000000,98.41,98.91,95.91,95.99,1161000.0
2023-09-19 00:00:00.000000,96.67,98.12,96.11,97.79,2014300.0
2023-09-18 00:00:00.000000,95.13,96.94,94.92,96.76,1239500.0
2023-09-15 00:00:00.000000,97.11,97.35,94.89,95.49,3275400.0
2023-09-14 00:00:00.000000,98.93,99.02,97.52,97.96,1133200.0
2023-09-13 00:00:00.000000,97.04,98.84,97.0,97.66,1620900.0
2023-09-12 00:00:00.000000,98.57,99.78,97.79,97.83,1235000.0
2023-09-11 00:00:00.000000,101.0,101.0,97.61,98.9,1404000.0
2023-09-08 00:00:00.000000,99.46,100.54,98.98,99.7,1666700.0
2023-09-07 00:00:00.000000,103.33,104.0,98.82,99.69,3224300.0
2023-09-06 00:00:00.000000,106.02,107.48,104.88,105.58,1463700.0
2023-09-05 00:00:00.000000,107.87,107.98,105.93,106.62,1368300.0
2023-09-01 00:00:00.000000,109.02,109.17,107.59,108.46,624600.0
2023-08-31 00:00:00.000000,106.66,108.42,106.66,107.87,1621100.0
2023-08-30 00:00:00.000000,106.95,108.27,106.16,107.37,909000.0
2023-08-29 00:00:00.000000,103.77,107.66,103.77,107.37,1435900.0
2023-08-28 00:00:00.000000,104.46,105.62,103.79,104.57,917700.0
2023-08-25 00:00:00.000000,102.66,104.35,101.61,103.78,1285500.0
2023-08-24 00:00:00.000000,106.58,106.58,101.83,102.11,1586000.0
2023-08-23 00:00:00.000000,102.62,105.92,102.62,105.32,1107300.0
2023-08-22 00:00:00.000000,104.23,104.29,102.08,102.75,843300.0
2023-08-21 00:00:00.000000,101.11,103.08,100.83,102.74,1250900.0
2023-08-18 00:00:00.000000,99.58,101.54,99.39,101.06,1385500.0
2023-08-17 00:00:00.000000,101.61,102.03,100.33,100.62,1072000.0
2023-08-16 00:00:00.000000,102.18,103.08,101.19,101.25,1404700.0
2023-08-15 00:00:00.000000,103.85,104.13,101.68,101.87,1377500.0
2023-08-14 00:00:00.000000,101.73,104.76,101.29,104.74,1463400.0
2023-08-11 00:00:00.000000,104.3,104.38,101.42,101.73,1773300.0
2023-08-10 00:00:00.000000,107.22,108.99,106.28,106.42,1761900.0
2023-08-09 00:00:00.000000,106.19,107.69,105.35,106.48,1556200.0
2023-08-08 00:00:00.000000,106.88,107.09,104.5,106.27,1685100.0
2023-08-07 00:00:00.000000,108.94,109.05,107.63,108.92,1096000.0
2023-08-04 00:00:00.000000,107.26,108.95,106.15,107.41,1193500.0
2023-08-03 00:00:00.000000,106.92,108.26,105.85,107.56,1652600.0
2023-08-02 00:00:00.000000,109.19,109.54,106.88,107.8,1912600.0
2023-08-01 00:00:00.000000,112.0,112.89,111.16,111.23,1544100.0
2023-07-31 00:00:00.000000,112.26,113.6,111.59,112.94,1491100.0
2023-07-28 00:00:00.000000,112.93,112.93,109.85,112.31,3063900.0
2023-07-27 00:00:00.000000,118.52,119.2,110.15,110.62,4265600.0
2023-07-26 00:00:00.000000,115.34,116.36,113.2,114.64,2725300.0
2023-07-25 00:00:00.000000,115.58,118.04,115.58,117.23,1256700.0
2023-07-24 00:00:00.000000,115.32,117.0,114.12,115.14,1565300.0
2023-07-21 00:00:00.000000,113.95,115.66,113.34,115.05,1772500.0
2023-07-20 00:00:00.000000,112.89,113.63,111.8,112.27,2179700.0
2023-07-19 00:00:00.000000,117.15,117.4,115.24,115.31,1410400.0
2023-07-18 00:00:00.000000,116.8,117.64,115.73,117.15,1310600.0
2023-07-17 00:00:00.000000,113.54,117.25,113.41,116.25,1788700.0
2023-07-14 00:00:00.000000,114.34,114.97,112.68,113.09,1752200.0
2023-07-13 00:00:00.000000,112.0,114.35,111.81,114.02,1977400.0
2023-07-12 00:00:00.000000,111.24,111.45,109.94,111.24,1344800.0
2023-07-11 00:00:00.000000,109.8,109.84,107.35,109.42,1161700.0
2023-07-10 00:00:00.000000,106.54,109.44,106.54,109.42,1142500.0
2023-07-07 00:00:00.000000,107.24,108.21,106.21,106.34,1990300.0
2023-07-06 00:00:00.000000,106.5,107.44,106.08,107.05,1792100.0
2023-07-05 00:00:00.000000,110.39,110.52,107.83,108.09,1900800.0
2023-07-03 00:00:00.000000,111.76,112.08,109.52,111.53,639400.0
2023-06-30 00:00:00.000000,110.24,112.57,109.89,111.33,2273500.0
2023-06-29 00:00:00.000000,108.09,109.79,107.32,109.4,1618200.0
2023-06-28 00:00:00.000000,108.51,109.41,107.49,107.65,1626500.0
2023-06-27 00:00:00.000000,106.63,110.46,105.5,110.29,2173900.0
2023-06-26 00:00:00.000000,105.43,107.6,105.3,105.99,1548800.0
2023-06-23 00:00:00.000000,105.96,107.01,105.04,105.16,2161300.0
2023-06-22 00:00:00.000000,106.26,107.83,105.65,107.8,1689800.0
2023-06-21 00:00:00.000000,107.48,108.98,106.76,106.89,1450600.0
2023-06-20 00:00:00.000000,111.06,111.99,107.77,108.69,1793900.0
2023-06-16 00:00:00.000000,111.25,111.77,110.05,111.06,3381100.0
2023-06-15 00:00:00.000000,108.72,110.85,108.61,110.09,1553300.0
2023-06-14 00:00:00.000000,110.42,112.17,109.43,110.36,1855200.0
2023-06-13 00:00:00.000000,111.05,112.16,110.46,111.39,2137600.0
2023-06-12 00:00:00.000000,106.41,109.63,105.79,109.46,2198800.0
2023-06-09 00:00:00.000000,105.92,106.49,104.71,105.02,1599100.0
2023-06-08 00:00:00.000000,104.54,104.97,102.99,104.67,1129700.0
2023-06-07 00:00:00.000000,104.13,105.8,103.18,104.22,1566100.0
2023-06-06 00:00:00.000000,100.42,103.16,100.09,103.07,1335000.0
2023-06-05 00:00:00.000000,102.85,103.25,100.77,101.52,1084000.0
2023-06-02 00:00:00.000000,103.96,104.1,101.5,103.22,1149800.0
2023-06-01 00:00:00.000000,100.52,104.01,99.62,103.1,1694500.0
2023-05-31 00:00:00.000000,100.41,102.25,99.37,100.19,2176600.0
2023-05-30 00:00:00.000000,106.24,106.3,101.07,102.72,2139700.0
2023-05-26 00:00:00.000000,98.4,104.59,98.26,103.71,3136200.0
2023-05-25 00:00:00.000000,95.52,98.39,94.73,97.27,3968600.0
2023-05-24 00:00:00.000000,94.59,95.44,93.03,94.4,1959900.0
2023-05-23 00:00:00.000000,96.93,97.52,95.48,95.55,1725300.0
2023-05-22 00:00:00.000000,96.7,98.27,96.68,97.81,1269200.0
2023-05-19 00:00:00.000000,98.69,99.16,96.55,97.1,1885000.0
2023-05-18 00:00:00.000000,95.52,99.34,95.4,98.57,2447700.0
2023-05-17 00:00:00.000000,94.4,95.54,93.37,94.92,1431200.0
2023-05-16 00:00:00.000000,93.71,95.13,93.29,93.43,1033100.0
2023-05-15 00:00:00.000000,91.21,94.39,90.57,94.22,1247200.0
2023-05-12 00:00:00.000000,91.44,91.58,89.46,90.93,1210700.0
2023-05-11 00:00:00.000000,91.21,91.35,90.33,91.18,1326000.0
2023-05-10 00:00:00.000000,91.5,91.53,90.12,90.96,1442500.0
2023-05-09 00:00:00.000000,90.33,90.42,88.96,90.29,1693300.0
2023-05-08 00:00:00.000000,92.67,92.96,90.9,91.42,1113100.0
2023-05-05 00:00:00.000000,90.95,92.77,90.27,92.63,2098700.0
2023-05-04 00:00:00.000000,92.0,92.14,89.73,89.98,1311500.0
2023-05-03 00:00:00.000000,92.24,93.84,91.87,92.16,1471200.0
2023-05-02 00:00:00.000000,92.5,92.85,91.01,92.31,1620400.0
2023-05-01 00:00:00.000000,91.69,92.71,91.5,92.3,1757500.0
2023-04-28 00:00:00.000000,90.52,91.42,89.69,91.38,1638700.0
2023-04-27 00:00:00.000000,90.0,91.26,88.54,90.37,3472000.0
2023-04-26 00:00:00.000000,94.81,95.07,92.66,93.33,2282000.0
2023-04-25 00:00:00.000000,97.11,97.53,94.31,94.35,1750000.0
2023-04-24 00:00:00.000000,97.96,98.7,96.83,97.6,836700.0
2023-04-21 00:00:00.000000,99.25,99.47,97.89,97.99,988100.0
2023-04-20 00:00:00.000000,97.86,100.69,97.83,99.41,1315200.0
2023-04-19 00:00:00.000000,98.25,99.0,97.66,98.56,1146700.0
2023-04-18 00:00:00.000000,98.8,99.76,98.16,99.65,1123500.0
2023-04-17 00:00:00.000000,96.71,98.37,95.78,98.11,2173200.0
2023-04-14 00:00:00.000000,101.76,102.76,99.66,100.75,1369600.0
2023-04-13 00:00:00.000000,101.55,102.5,100.49,101.94,975900.0
2023-04-12 00:00:00.000000,103.43,103.71,101.39,101.48,941600.0
2023-04-11 00:00:00.000000,103.6,103.76,102.07,102.28,948200.0
2023-04-10 00:00:00.000000,99.39,102.78,99.01,102.73,1788800.0
2023-04-06 00:00:00.000000,99.93,101.16,99.25,100.39,1216800.0
2023-04-05 00:00:00.000000,102.1,102.34,100.24,101.23,1818500.0
2023-04-04 00:00:00.000000,106.91,107.31,102.73,103.09,1502500.0
2023-04-03 00:00:00.000000,106.5,107.24,105.0,106.8,1236600.0
2023-03-31 00:00:00.000000,107.21,108.72,106.6,107.51,1598200.0
2023-03-30 00:00:00.000000,108.68,108.85,106.83,107.6,1760600.0
2023-03-29 00:00:00.000000,106.16,108.45,105.71,107.39,1689700.0
2023-03-28 00:00:00.000000,104.58,105.0,102.2,104.21,1392400.0
2023-03-27 00:00:00.000000,106.74,107.57,105.06,105.35,1133000.0
2023-03-24 00:00:00.000000,106.58,107.0,104.44,106.34,1679400.0
2023-03-23 00:00:00.000000,105.9,108.91,105.51,107.61,1262800.0
2023-03-22 00:00:00.000000,106.34,108.27,104.31,104.37,1422100.0
2023-03-21 00:00:00.000000,107.08,108.28,105.04,106.36,1462800.0
2023-03-20 00:00:00.000000,105.58,106.62,104.88,106.5,1326100.0
2023-03-17 00:00:00.000000,106.54,106.87,104.53,105.1,2428100.0
2023-03-16 00:00:00.000000,102.07,106.53,101.51,105.97,1462900.0
2023-03-15 00:00:00.000000,103.23,103.56,100.31,102.63,2050400.0
2023-03-14 00:00:00.000000,104.24,105.42,103.43,105.17,2529400.0
2023-03-13 00:00:00.000000,100.0,103.68,99.66,102.73,1749100.0
2023-03-10 00:00:00.000000,102.95,103.65,100.04,101.29,2371900.0
2023-03-09 00:00:00.000000,103.18,104.76,101.53,102.14,1652100.0
2023-03-08 00:00:00.000000,101.09,103.65,100.74,103.25,1474800.0
2023-03-07 00:00:00.000000,101.82,102.4,100.1,100.58,1577500.0
2023-03-06 00:00:00.000000,103.57,104.6,101.01,101.65,1432100.0
2023-03-03 00:00:00.000000,102.48,103.39,100.97,103.03,1393400.0
2023-03-02 00:00:00.000000,99.88,102.39,99.35,102.05,1484000.0
2023-03-01 00:00:00.000000,101.51,102.65,100.83,101.38,1090100.0
2023-02-28 00:00:00.000000,100.97,102.43,100.59,101.14,1378500.0
2023-02-27 00:00:00.000000,102.26,102.47,100.56,100.97,1404200.0
2023-02-24 00:00:00.000000,101.05,101.95,99.99,100.64,1465400.0
2023-02-23 00:00:00.000000,102.86,103.4,100.61,102.99,1446300.0
2023-02-22 00:00:00.000000,101.3,102.73,99.89,100.77,1329000.0
2023-02-21 00:00:00.000000,103.44,104.34,101.03,101.16,1976100.0
2023-02-17 00:00:00.000000,106.0,106.62,103.64,105.25,1151500.0
2023-02-16 00:00:00.000000,107.0,107.79,106.14,106.3,1613900.0
2023-02-15 00:00:00.000000,106.43,108.53,105.77,108.46,1202400.0
2023-02-14 00:00:00.000000,105.66,108.35,105.07,108.01,1779300.0
2023-02-13 00:00:00.000000,105.88,107.6,105.36,106.75,1303800.0
2023-02-10 00:00:00.000000,106.32,106.86,104.29,105.56,1414800.0
2023-02-09 00:00:00.000000,109.36,110.28,106.74,107.66,1906400.0
2023-02-08 00:00:00.000000,108.46,110.31,107.28,107.63,1129800.0
2023-02-07 00:00:00.000000,106.92,110.89,106.81,110.2,1824000.0
2023-02-06 00:00:00.000000,107.43,108.5,106.37,106.95,1411500.0
2023-02-03 00:00:00.000000,108.4,110.73,107.07,107.99,1608800.0
2023-02-02 00:00:00.000000,109.9,112.06,109.41,111.54,2352900.0
2023-02-01 00:00:00.000000,102.19,108.77,101.93,107.99,2784100.0
2023-01-31 00:00:00.000000,100.0,101.72,99.01,101.7,1973300.0
2023-01-30 00:00:00.000000,102.08,102.59,100.02,100.17,2067200.0
2023-01-27 00:00:00.000000,101.56,104.22,99.33,103.44,2593000.0
2023-01-26 00:00:00.000000,99.71,104.97,98.26,103.67,3941600.0
2023-01-25 00:00:00.000000,100.54,103.59,100.25,103.44,1501200.0
2023-01-24 00:00:00.000000,102.0,103.24,101.85,103.02,1193300.0
2023-01-23 00:00:00.000000,98.14,104.47,97.9,103.5,2617700.0
2023-01-20 00:00:00.000000,95.4,97.55,94.45,97.53,1421100.0
2023-01-19 00:00:00.000000,94.84,95.25,92.6,93.85,1542600.0
2023-01-18 00:00:00.000000,97.31,98.44,95.81,95.91,1326800.0
2023-01-17 00:00:00.000000,97.35,97.85,95.46,96.64,1668200.0
2023-01-13 00:00:00.000000,95.5,98.24,95.27,97.44,1464500.0
2023-01-12 00:00:00.000000,97.07,97.07,93.97,96.14,1165700.0
2023-01-11 00:00:00.000000,95.09,96.36,93.75,96.34,870000.0
2023-01-10 00:00:00.000000,93.44,95.45,92.81,94.78,1160400.0
2023-01-09 00:00:00.000000,92.94,95.83,92.37,93.21,1654500.0
2023-01-06 00:00:00.000000,88.28,91.8,87.73,91.24,1444500.0
2023-01-05 00:00:00.000000,86.84,88.42,85.95,87.12,998700.0
2023-01-04 00:00:00.000000,87.24,87.88,85.75,87.42,2025400.0
2023-01-03 00:00:00.000000,88.85,89.16,85.55,85.93,1033200.0
2022-12-30 00:00:00.000000,85.84,87.46,85.35,87.35,677400.0
2022-12-29 00:00:00.000000,86.06,88.13,85.25,87.49,1137300.0
2022-12-28 00:00:00.000000,84.01,85.4,83.31,84.24,990300.0
2022-12-27 00:00:00.000000,85.63,86.03,84.01,84.76,1156000.0
2022-12-23 00:00:00.000000,85.45,86.61,84.37,86.56,858600.0
2022-12-22 00:00:00.000000,87.61,87.61,83.75,86.11,2146800.0
2022-12-21 00:00:00.000000,88.66,90.02,88.32,89.75,1543600.0
2022-12-20 00:00:00.000000,86.92,89.72,86.59,87.79,1314300.0
2022-12-19 00:00:00.000000,89.42,89.5,86.55,88.4,1323600.0
2022-12-16 00:00:00.000000,88.01,89.51,87.19,89.02,3091200.0
2022-12-15 00:00:00.000000,92.3,92.51,88.3,88.52,2566800.0
2022-12-14 00:00:00.000000,95.79,97.27,93.14,94.15,1462900.0
2022-12-13 00:00:00.000000,98.77,99.15,95.31,96.51,1553800.0
2022-12-12 00:00:00.000000,91.87,94.85,91.42,94.59,1210200.0
2022-12-09 00:00:00.000000,93.18,94.84,92.35,92.41,2039300.0
2022-12-08 00:00:00.000000,92.17,95.13,91.69,94.79,1619900.0
2022-12-07 00:00:00.000000,89.48,91.47,89.04,91.36,1444600.0
2022-12-06 00:00:00.000000,93.36,93.43,89.5,90.39,1333600.0
2022-12-05 00:00:00.000000,92.15,93.8,91.66,93.39,1617000.0
2022-12-02 00:00:00.000000,90.11,92.81,90.0,92.67,1177200.0
2022-12-01 00:00:00.000000,94.37,94.61,90.41,92.29,1552900.0
2022-11-30 00:00:00.000000,89.67,93.48,87.86,93.45,2426400.0
2022-11-29 00:00:00.000000,90.14,90.87,88.87,89.19,1099900.0
2022-11-28 00:00:00.000000,91.27,92.25,89.71,90.22,1306600.0
2022-11-25 00:00:00.000000,93.08,93.7,92.58,92.59,530300.0
2022-11-23 00:00:00.000000,93.13,95.56,92.63,94.03,883000.0
2022-11-22 00:00:00.000000,92.19,93.02,90.65,92.93,1401900.0
2022-11-21 00:00:00.000000,91.63,91.8,90.6,91.1,1014400.0
2022-11-18 00:00:00.000000,94.08,94.24,91.36,92.9,1507500.0
2022-11-17 00:00:00.000000,88.81,92.91,88.56,92.51,1346500.0
2022-11-16 00:00:00.000000,93.59,94.65,91.03,91.48,2188800.0
2022-11-15 00:00:00.000000,97.38,97.74,94.76,96.59,1581800.0
2022-11-14 00:00:00.000000,94.83,96.41,94.04,94.14,1254600.0
2022-11-11 00:00:00.000000,93.29,96.89,92.65,96.31,1716400.0
2022-11-10 00:00:00.000000,90.0,93.42,88.71,93.33,2472700.0
2022-11-09 00:00:00.000000,84.92,85.79,84.11,84.37,1639700.0
2022-11-08 00:00:00.000000,86.6,87.21,84.74,86.45,2087300.0
2022-11-07 00:00:00.000000,85.77,85.91,83.28,85.54,1737500.0
2022-11-04 00:00:00.000000,82.75,84.83,81.31,84.72,2344900.0
2022-11-03 00:00:00.000000,78.09,80.92,77.28,80.09,1359100.0
2022-11-02 00:00:00.000000,82.25,83.75,79.18,79.44,1959700.0
2022-11-01 00:00:00.000000,83.28,83.58,81.67,82.22,1220700.0
2022-10-31 00:00:00.000000,82.45,82.84,80.62,81.35,1499000.0
2022-10-28 00:00:00.000000,79.92,83.64,79.92,83.35,1665100.0
2022-10-27 00:00:00.000000,83.18,84.29,79.79,79.86,2147500.0
2022-10-26 00:00:00.000000,79.65,85.2,78.67,82.25,4210700.0
2022-10-25 00:00:00.000000,78.15,80.25,78.11,79.65,2186600.0
2022-10-24 00:00:00.000000,77.94,78.27,76.63,77.46,2094900.0
2022-10-21 00:00:00.000000,74.18,77.44,73.73,77.27,2158500.0
2022-10-20 00:00:00.000000,73.55,75.6,73.17,73.95,1455900.0
2022-10-19 00:00:00.000000,72.55,74.27,72.18,73.18,1524300.0
2022-10-18 00:00:00.000000,74.08,74.52,71.11,72.78,1717100.0
2022-10-17 00:00:00.000000,73.55,73.95,71.12,71.51,2107000.0
2022-10-14 00:00:00.000000,76.07,77.14,71.2,71.37,2410300.0
2022-10-13 00:00:00.000000,69.01,75.85,67.81,75.11,3403800.0
2022-10-12 00:00:00.000000,73.88,74.16,71.94,72.0,1928300.0
2022-10-11 00:00:00.000000,74.85,75.92,72.86,74.02,1761600.0
2022-10-10 00:00:00.000000,77.61,77.61,74.75,76.11,1701400.0
2022-10-07 00:00:00.000000,79.64,80.16,76.65,77.33,2321800.0
2022-10-06 00:00:00.000000,81.76,83.2,81.0,82.01,1216200.0
2022-10-05 00:00:00.000000,80.0,82.84,79.24,81.95,1193800.0
2022-10-04 00:00:00.000000,80.84,82.23,80.44,81.67,1493800.0
2022-10-03 00:00:00.000000,76.17,79.73,75.47,78.69,2160200.0
2022-09-30 00:00:00.000000,75.66,77.18,75.01,75.15,1744800.0
2022-09-29 00:00:00.000000,77.66,78.07,76.18,77.17,1601000.0
2022-09-28 00:00:00.000000,77.9,79.28,77.53,78.95,1619100.0
2022-09-27 00:00:00.000000,79.07,79.7,77.2,78.37,1570700.0
2022-09-26 00:00:00.000000,79.2,80.44,77.15,77.21,1427100.0
2022-09-23 00:00:00.000000,79.1,79.74,77.31,79.19,1909800.0
2022-09-22 00:00:00.000000,80.59,81.11,78.82,79.79,1955800.0
2022-09-21 00:00:00.000000,81.04,84.59,80.92,80.97,1782600.0
2022-09-20 00:00:00.000000,81.41,81.77,79.75,80.84,1674800.0
2022-09-19 00:00:00.000000,81.24,83.05,80.91,82.49,1534800.0
2022-09-16 00:00:00.000000,81.52,82.46,80.42,82.1,3571000.0
2022-09-15 00:00:00.000000,83.13,84.22,81.4,82.35,1810400.0
2022-09-14 00:00:00.000000,83.89,84.12,82.26,83.64,1372900.0
2022-09-13 00:00:00.000000,83.94,84.92,82.94,83.16,2477400.0
2022-09-12 00:00:00.000000,88.84,88.89,86.72,87.38,1902900.0
2022-09-09 00:00:00.000000,87.5,90.01,87.36,88.84,1804600.0
2022-09-08 00:00:00.000000,83.88,86.44,83.07,86.14,1400000.0
2022-09-07 00:00:00.000000,82.75,85.56,82.55,85.02,1715300.0
2022-09-06 00:00:00.000000,82.71,84.12,81.86,82.92,1349700.0
2022-09-02 00:00:00.000000,84.43,85.27,82.25,83.04,1353600.0
2022-09-01 00:00:00.000000,82.93,83.07,80.41,82.78,2502200.0
2022-08-31 00:00:00.000000,86.65,86.65,83.82,84.64,2072300.0
2022-08-30 00:00:00.000000,88.31,88.6,84.95,85.72,2527800.0
2022-08-29 00:00:00.000000,89.44,90.67,87.52,87.63,1251400.0
2022-08-26 00:00:00.000000,96.38,96.45,89.89,90.16,2249900.0
2022-08-25 00:00:00.000000,92.76,96.4,92.7,96.33,1347100.0
2022-08-24 00:00:00.000000,93.23,93.56,91.86,92.57,1209900.0
2022-08-23 00:00:00.000000,92.66,94.57,92.5,92.98,885200.0
2022-08-22 00:00:00.000000,94.6,94.92,91.71,92.42,1899300.0
2022-08-19 00:00:00.000000,99.31,100.37,96.62,96.85,1741300.0
2022-08-18 00:00:00.000000,100.4,101.59,100.0,100.93,1608800.0
2022-08-17 00:00:00.000000,100.29,101.11,98.61,100.46,1329400.0
2022-08-16 00:00:00.000000,102.47,102.93,100.93,101.58,834300.0
2022-08-15 00:00:00.000000,103.99,104.6,101.91,102.9,815500.0
2022-08-12 00:00:00.000000,100.29,105.25,100.13,104.34,1987800.0
2022-08-11 00:00:00.000000,100.02,102.86,99.57,99.9,1150700.0
2022-08-10 00:00:00.000000,95.72,99.3,94.76,99.12,2157000.0
2022-08-09 00:00:00.000000,97.58,98.16,91.1,92.83,3039200.0
2022-08-08 00:00:00.000000,100.17,101.5,97.84,99.74,1775600.0
2022-08-05 00:00:00.000000,100.29,102.13,98.69,100.75,1668500.0
2022-08-04 00:00:00.000000,101.64,102.72,100.98,101.71,1327100.0
2022-08-03 00:00:00.000000,99.36,102.31,98.99,101.42,1481200.0
2022-08-02 00:00:00.000000,99.84,101.2,98.77,98.94,1265000.0
2022-08-01 00:00:00.000000,99.9,101.52,99.0,100.3,1431600.0
2022-07-29 00:00:00.000000,98.9,101.18,97.73,100.89,1680800.0
2022-07-28 00:00:00.000000,96.9,99.09,93.48,98.95,2688600.0
2022-07-27 00:00:00.000000,91.19,98.84,89.29,97.94,5071300.0
2022-07-26 00:00:00.000000,99.33,100.59,97.55,98.15,2045400.0
2022-07-25 00:00:00.000000,99.76,100.3,98.41,100.1,1639400.0
2022-07-22 00:00:00.000000,102.17,102.51,98.77,100.46,1610400.0
2022-07-21 00:00:00.000000,102.7,102.83,100.47,102.77,1072600.0
2022-07-20 00:00:00.000000,99.13,102.79,98.83,101.79,2154900.0
2022-07-19 00:00:00.000000,94.78,99.44,94.68,99.23,1815400.0
2022-07-18 00:00:00.000000,94.85,96.44,92.55,93.29,1489000.0
2022-07-15 00:00:00.000000,92.8,93.77,91.02,93.75,1100900.0
2022-07-14 00:00:00.000000,90.0,92.41,88.02,91.91,1196700.0
2022-07-13 00:00:00.000000,88.06,91.65,87.45,90.03,1282600.0
2022-07-12 00:00:00.000000,90.96,91.27,89.12,89.67,1023400.0
2022-07-11 00:00:00.000000,90.69,91.18,89.06,89.94,1333500.0
2022-07-08 00:00:00.000000,90.3,92.43,89.85,92.08,1056800.0
2022-07-07 00:00:00.000000,90.0,91.86,89.84,91.52,1766900.0
2022-07-06 00:00:00.000000,87.19,89.4,86.69,87.99,1434700.0
2022-07-05 00:00:00.000000,82.97,87.03,82.97,86.81,1686200.0
2022-07-01 00:00:00.000000,88.68,89.1,84.22,85.8,1965300.0
2022-06-30 00:00:00.000000,89.49,91.7,88.26,89.55,2458000.0
2022-06-29 00:00:00.000000,93.25,93.47,88.52,90.25,2642700.0
2022-06-28 00:00:00.000000,98.01,99.25,94.9,95.23,2352400.0
2022-06-27 00:00:00.000000,98.1,98.99,96.4,97.96,1542300.0
2022-06-24 00:00:00.000000,93.65,97.25,93.06,97.12,2756800.0
2022-06-23 00:00:00.000000,91.73,92.68,90.82,91.94,1268200.0
2022-06-22 00:00:00.000000,89.55,92.4,89.29,91.34,1541000.0
2022-06-21 00:00:00.000000,90.93,93.24,90.77,91.38,1699000.0
2022-06-17 00:00:00.000000,87.33,89.7,86.61,89.06,4165300.0
2022-06-16 00:00:00.000000,89.97,90.06,85.66,86.95,2837100.0
2022-06-15 00:00:00.000000,92.38,94.39,90.46,92.44,1756000.0
2022-06-14 00:00:00.000000,92.06,92.69,89.68,90.91,1742200.0
2022-06-13 00:00:00.000000,93.6,94.59,90.46,91.24,2939400.0
2022-06-10 00:00:00.000000,99.56,100.29,96.83,96.97,2152900.0
2022-06-09 00:00:00.000000,103.75,105.32,101.1,101.19,1436400.0
2022-06-08 00:00:00.000000,107.92,108.17,104.74,105.11,1610600.0
2022-06-07 00:00:00.000000,105.27,108.73,104.52,108.52,1046800.0
2022-06-06 00:00:00.000000,109.08,109.72,106.58,106.81,808100.0
2022-06-03 00:00:00.000000,108.42,108.67,106.88,107.43,1099000.0
2022-06-02 00:00:00.000000,106.43,110.62,105.73,110.58,1091300.0
2022-06-01 00:00:00.000000,109.42,110.38,105.34,106.64,1453900.0
2022-05-31 00:00:00.000000,109.0,110.07,107.12,109.26,1948400.0
2022-05-27 00:00:00.000000,106.27,109.43,106.27,109.4,1688700.0
2022-05-26 00:00:00.000000,100.17,105.46,99.16,104.94,1539000.0
2022-05-25 00:00:00.000000,98.13,101.51,97.96,100.23,1560500.0
2022-05-24 00:00:00.000000,101.51,102.01,97.98,99.19,1736400.0
2022-05-23 00:00:00.000000,102.47,104.36,101.61,102.89,1290200.0
2022-05-20 00:00:00.000000,104.61,105.07,97.63,102.37,2132100.0
2022-05-19 00:00:00.000000,102.4,105.54,102.01,102.18,1482600.0
2022-05-18 00:00:00.000000,106.43,108.34,102.5,102.8,1555500.0
2022-05-17 00:00:00.000000,106.22,108.86,104.94,108.51,1492900.0
2022-05-16 00:00:00.000000,105.97,106.5,103.37,103.52,1212300.0
2022-05-13 00:00:00.000000,103.87,108.42,103.19,107.35,1570100.0
2022-05-12 00:00:00.000000,99.19,102.24,98.64,101.86,1823300.0
2022-05-11 00:00:00.000000,101.12,104.62,100.3,100.42,1661300.0
2022-05-10 00:00:00.000000,103.47,104.44,99.86,102.46,1718500.0
2022-05-09 00:00:00.000000,104.29,105.22,99.82,100.22,2099000.0
2022-05-06 00:00:00.000000,107.16,108.6,104.53,105.92,1325700.0
2022-05-05 00:00:00.000000,111.8,113.72,106.86,108.51,2141900.0
2022-05-04 00:00:00.000000,109.5,114.19,107.14,114.17,1992700.0
2022-05-03 00:00:00.000000,108.07,110.87,106.85,109.34,1192800.0
2022-05-02 00:00:00.000000,105.62,109.11,104.13,108.57,1731200.0
2022-04-29 00:00:00.000000,109.65,112.06,105.24,105.46,1907100.0
2022-04-28 00:00:00.000000,108.69,113.64,105.94,111.68,2679300.0
2022-04-27 00:00:00.000000,110.47,115.48,105.58,106.32,3966200.0
2022-04-26 00:00:00.000000,111.03,111.12,107.64,107.69,2395600.0
2022-04-25 00:00:00.000000,108.6,112.7,108.0,112.57,1989900.0
2022-04-22 00:00:00.000000,110.85,112.46,108.99,109.2,1613600.0
2022-04-21 00:00:00.000000,114.83,116.57,110.92,111.2,1275700.0
2022-04-20 00:00:00.000000,114.6,117.42,112.86,112.9,1727800.0
2022-04-19 00:00:00.000000,108.62,112.97,107.31,112.61,1620700.0
2022-04-18 00:00:00.000000,105.84,108.8,105.39,108.14,1426200.0
2022-04-14 00:00:00.000000,110.17,110.45,106.0,106.02,1193100.0
2022-04-13 00:00:00.000000,109.17,111.28,107.57,109.61,2537200.0
2022-04-12 00:00:00.000000,109.29,111.34,107.16,108.18,1457100.0
2022-04-11 00:00:00.000000,107.34,108.83,106.71,107.24,1428400.0
2022-04-08 00:00:00.000000,110.71,110.97,108.51,108.66,1238000.0
2022-04-07 00:00:00.000000,110.77,113.63,109.5,111.42,1284900.0
2022-04-06 00:00:00.000000,110.0,112.97,109.07,111.2,1665600.0
2022-04-05 00:00:00.000000,117.99,118.17,111.4,111.91,1951400.0
2022-04-04 00:00:00.000000,116.93,120.2,116.93,118.94,1077400.0
2022-04-01 00:00:00.000000,119.57,119.83,114.76,116.37,1402900.0
2022-03-31 00:00:00.000000,121.29,122.64,118.19,118.23,1659200.0
2022-03-30 00:00:00.000000,124.47,124.86,120.5,121.03,1536600.0
2022-03-29 00:00:00.000000,125.25,127.29,122.54,125.37,1427200.0
2022-03-28 00:00:00.000000,120.93,123.28,120.05,122.96,2021700.0
2022-03-25 00:00:00.000000,122.88,124.19,120.69,124.04,1260400.0
2022-03-24 00:00:00.000000,118.03,122.7,117.17,122.69,1533100.0
2022-03-23 00:00:00.000000,119.8,120.8,116.18,116.51,1289500.0
2022-03-22 00:00:00.000000,121.37,122.65,120.16,121.0,1070900.0
2022-03-21 00:00:00.000000,121.78,123.44,119.18,120.94,1256400.0
2022-03-18 00:00:00.000000,118.98,123.81,118.62,122.95,4074600.0
2022-03-17 00:00:00.000000,115.41,120.66,114.68,120.6,2140800.0
2022-03-16 00:00:00.000000,112.21,116.98,111.97,116.75,2341300.0
2022-03-15 00:00:00.000000,106.54,111.01,106.27,110.51,1523200.0
2022-03-14 00:00:00.000000,107.68,111.94,104.32,105.57,2014300.0
2022-03-11 00:00:00.000000,112.01,112.24,106.78,106.88,2030700.0
2022-03-10 00:00:00.000000,109.6,110.71,107.57,109.96,1356700.0
2022-03-09 00:00:00.000000,111.12,113.03,109.42,111.75,2146600.0
2022-03-08 00:00:00.000000,107.41,111.73,105.36,107.55,1877100.0
2022-03-07 00:00:00.000000,112.86,113.89,106.33,106.42,2315200.0
2022-03-04 00:00:00.000000,112.78,113.76,110.04,111.75,1320300.0
2022-03-03 00:00:00.000000,116.48,117.28,112.25,114.17,1333500.0
2022-03-02 00:00:00.000000,115.22,118.14,114.82,117.3,1323700.0
2022-03-01 00:00:00.000000,117.74,118.29,113.29,114.56,1715500.0
2022-02-28 00:00:00.000000,119.42,119.55,115.29,117.92,1887000.0
2022-02-25 00:00:00.000000,117.09,120.14,114.88,120.04,1738300.0
2022-02-24 00:00:00.000000,107.11,117.52,107.11,117.39,2008000.0
2022-02-23 00:00:00.000000,114.5,116.0,111.24,111.52,1528200.0
2022-02-22 00:00:00.000000,113.63,117.22,112.52,113.81,1496700.0
2022-02-18 00:00:00.000000,116.18,116.4,112.83,114.83,1517400.0
2022-02-17 00:00:00.000000,117.17,118.34,115.82,116.0,1614400.0
2022-02-16 00:00:00.000000,116.82,119.99,115.8,119.11,1151400.0
2022-02-15 00:00:00.000000,114.16,118.51,114.06,118.1,2002800.0
2022-02-14 00:00:00.000000,113.0,116.89,111.09,112.31,1496300.0
2022-02-11 00:00:00.000000,117.34,118.67,111.83,113.09,1703100.0
2022-02-10 00:00:00.000000,118.09,122.2,116.84,117.33,2215300.0
2022-02-09 00:00:00.000000,117.87,121.89,117.03,121.37,1709800.0
2022-02-08 00:00:00.000000,113.25,116.91,112.86,116.39,1669700.0
2022-02-07 00:00:00.000000,114.15,116.3,113.59,114.23,1878500.0
2022-02-04 00:00:00.000000,111.46,115.24,110.17,114.01,1720900.0
2022-02-03 00:00:00.000000,113.97,116.67,111.72,111.86,2293300.0
2022-02-02 00:00:00.000000,117.42,120.58,114.66,117.22,2579800.0
2022-02-01 00:00:00.000000,118.34,119.17,114.12,116.88,2107200.0
2022-01-31 00:00:00.000000,111.97,117.94,111.61,117.43,3923900.0
2022-01-28 00:00:00.000000,107.9,112.2,105.5,112.12,6017200.0
2022-01-27 00:00:00.000000,110.52,112.4,102.51,111.24,17003100.0
2022-01-26 00:00:00.000000,143.56,147.94,139.91,143.37,2512400.0
2022-01-25 00:00:00.000000,142.68,143.81,138.04,138.29,2198200.0
2022-01-24 00:00:00.000000,138.73,147.62,137.58,147.44,2218200.0
2022-01-21 00:00:00.000000,145.0,148.66,142.48,143.39,1785600.0
2022-01-20 00:00:00.000000,150.36,152.84,145.29,145.48,1377700.0
2022-01-19 00:00:00.000000,156.25,158.47,148.15,148.32,1696000.0
2022-01-18 00:00:00.000000,160.94,161.59,155.24,155.56,1878000.0
2022-01-14 00:00:00.000000,157.2,164.71,156.71,164.57,1367200.0
2022-01-13 00:00:00.000000,165.61,167.69,157.43,158.25,1172300.0
2022-01-12 00:00:00.000000,162.24,164.5,161.22,162.9,817600.0
2022-01-11 00:00:00.000000,155.66,160.86,153.87,160.54,1329800.0
2022-01-10 00:00:00.000000,155.8,156.76,150.48,156.61,1635400.0
2022-01-07 00:00:00.000000,162.57,163.94,156.86,158.27,1473500.0
2022-01-06 00:00:00.000000,159.79,164.71,158.71,163.48,1540900.0
2022-01-05 00:00:00.000000,164.21,166.75,160.24,160.25,1904500.0
2022-01-04 00:00:00.000000,166.15,167.29,160.43,166.38,1357400.0
2022-01-03 00:00:00.000000,164.86,167.14,162.81,166.11,1724800.0
2021-12-31 00:00:00.000000,164.54,165.85,163.3,163.53,1062700.0
2021-12-30 00:00:00.000000,166.77,166.77,163.34,163.72,932300.0
2021-12-29 00:00:00.000000,164.78,167.44,164.78,166.77,569700.0
2021-12-28 00:00:00.000000,168.5,168.91,164.45,164.61,1107100.0
2021-12-27 00:00:00.000000,164.0,168.91,163.5,168.56,1019200.0
2021-12-23 00:00:00.000000,161.12,164.11,161.12,162.74,2040000.0
2021-12-22 00:00:00.000000,159.26,160.99,158.82,160.9,1013900.0
2021-12-21 00:00:00.000000,157.59,160.55,156.02,160.36,1338800.0
2021-12-20 00:00:00.000000,155.09,158.12,154.9,155.71,2367200.0
2021-12-17 00:00:00.000000,157.32,160.75,154.42,156.26,3282900.0
2021-12-16 00:00:00.000000,162.62,163.03,156.15,158.3,2106900.0
2021-12-15 00:00:00.000000,158.0,162.26,154.3,161.96,1482900.0
2021-12-14 00:00:00.000000,153.89,156.31,152.02,155.94,1076300.0
2021-12-13 00:00:00.000000,160.53,160.55,155.14,155.36,1520100.0
2021-12-10 00:00:00.000000,159.5,159.94,154.78,159.76,1116100.0
2021-12-09 00:00:00.000000,159.1,161.54,156.49,156.57,1059500.0
2021-12-08 00:00:00.000000,159.11,160.65,157.11,160.41,933100.0
2021-12-07 00:00:00.000000,154.28,159.88,154.28,159.11,1700200.0
2021-12-06 00:00:00.000000,151.31,153.93,144.91,152.61,1926400.0
2021-12-03 00:00:00.000000,153.05,155.0,149.07,150.56,1565300.0
2021-12-02 00:00:00.000000,149.52,152.35,147.21,150.94,1683700.0
2021-12-01 00:00:00.000000,155.76,158.22,152.13,152.35,1603800.0
2021-11-30 00:00:00.000000,153.86,154.87,150.76,152.87,2158800.0
2021-11-29 00:00:00.000000,149.52,154.87,146.51,154.45,1813000.0
2021-11-26 00:00:00.000000,148.35,151.4,145.42,146.35,911000.0
2021-11-24 00:00:00.000000,147.66,150.91,146.56,150.83,983100.0
2021-11-23 00:00:00.000000,147.73,150.51,145.61,149.1,879200.0
2021-11-22 00:00:00.000000,152.08,154.5,149.29,149.38,1078300.0
2021-11-19 00:00:00.000000,150.24,153.45,149.45,151.27,822700.0
2021-11-18 00:00:00.000000,152.43,152.71,149.79,150.85,997800.0
2021-11-17 00:00:00.000000,152.37,153.73,150.9,151.61,1847900.0
2021-11-16 00:00:00.000000,148.28,151.52,147.57,151.24,1247000.0
2021-11-15 00:00:00.000000,148.1,149.95,146.73,148.17,1361900.0
2021-11-12 00:00:00.000000,144.01,146.36,142.8,146.19,1009800.0
2021-11-11 00:00:00.000000,143.84,144.33,141.83,143.21,717300.0
2021-11-10 00:00:00.000000,143.17,145.43,141.51,142.01,1281700.0
2021-11-09 00:00:00.000000,144.75,145.72,143.19,145.42,1075500.0
2021-11-08 00:00:00.000000,144.77,145.2,142.38,143.89,1087300.0
2021-11-05 00:00:00.000000,145.26,146.76,142.21,144.22,1676500.0
2021-11-04 00:00:00.000000,140.43,144.73,139.22,144.59,1734100.0
2021-11-03 00:00:00.000000,140.21,141.69,138.6,140.32,1260000.0
2021-11-02 00:00:00.000000,139.35,139.8,137.38,139.35,1571400.0
2021-11-01 00:00:00.000000,138.18,139.82,136.61,139.61,2050400.0
2021-10-29 00:00:00.000000,135.21,138.74,134.97,138.24,2347000.0
2021-10-28 00:00:00.000000,130.0,138.35,128.39,137.01,5711700.0
2021-10-27 00:00:00.000000,119.42,124.83,117.83,123.07,3406600.0
2021-10-26 00:00:00.000000,118.59,118.86,115.13,115.15,1292500.0
2021-10-25 00:00:00.000000,116.13,118.68,115.67,117.28,1159600.0
2021-10-22 00:00:00.000000,117.54,120.81,115.91,116.12,1307200.0
2021-10-21 00:00:00.000000,116.26,117.82,116.0,117.54,749800.0
2021-10-20 00:00:00.000000,116.49,117.06,115.05,116.95,884800.0
2021-10-19 00:00:00.000000,116.32,117.14,115.7,116.72,1107200.0
2021-10-18 00:00:00.000000,112.88,115.86,112.56,115.78,1118000.0
2021-10-15 00:00:00.000000,114.0,114.83,113.23,113.92,1428500.0
2021-10-14 00:00:00.000000,111.38,112.78,110.4,112.72,1732400.0
2021-10-13 00:00:00.000000,108.65,109.27,108.1,108.47,1181200.0
2021-10-12 00:00:00.000000,109.78,109.78,106.85,107.35,978100.0
2021-10-11 00:00:00.000000,108.92,110.42,107.92,108.02,897300.0
2021-10-08 00:00:00.000000,111.86,112.03,109.19,109.56,967300.0
2021-10-07 00:00:00.000000,112.35,113.05,111.19,111.43,1492100.0
2021-10-06 00:00:00.000000,107.88,109.41,107.01,109.0,1642600.0
2021-10-05 00:00:00.000000,108.21,110.25,107.27,109.48,2581800.0
2021-10-04 00:00:00.000000,108.43,108.69,105.24,107.27,2350000.0
2021-10-01 00:00:00.000000,109.7,109.99,107.98,109.47,1354300.0
2021-09-30 00:00:00.000000,110.0,111.53,109.1,109.17,1494400.0
2021-09-29 00:00:00.000000,112.29,112.65,109.09,109.17,1556000.0
2021-09-28 00:00:00.000000,115.27,115.55,110.31,111.47,2404900.0
2021-09-27 00:00:00.000000,118.35,119.14,117.11,117.54,2108100.0
2021-09-24 00:00:00.000000,118.87,120.1,118.43,119.33,1137200.0
2021-09-23 00:00:00.000000,119.13,120.9,118.63,119.74,2490700.0
2021-09-22 00:00:00.000000,116.97,118.53,116.16,118.31,2282600.0
2021-09-21 00:00:00.000000,117.68,117.69,115.57,115.98,1823400.0
2021-09-20 00:00:00.000000,118.34,118.34,114.67,116.48,1809900.0
2021-09-17 00:00:00.000000,122.28,122.92,119.42,121.35,2418000.0
2021-09-16 00:00:00.000000,121.53,123.83,120.31,123.14,854400.0
2021-09-15 00:00:00.000000,122.42,122.51,120.65,122.23,966000.0
2021-09-14 00:00:00.000000,122.82,123.23,120.94,122.32,1197000.0
2021-09-13 00:00:00.000000,121.94,123.03,120.12,122.32,990300.0
2021-09-10 00:00:00.000000,120.18,124.18,120.18,120.97,1318800.0
2021-09-09 00:00:00.000000,118.78,120.65,118.12,119.17,764400.0
2021-09-08 00:00:00.000000,120.0,120.39,118.5,118.83,1271000.0
2021-09-07 00:00:00.000000,122.16,122.63,120.07,120.16,1289400.0
2021-09-03 00:00:00.000000,120.58,122.43,120.36,121.88,761900.0
2021-09-02 00:00:00.000000,120.44,121.62,120.36,120.87,821100.0
2021-09-01 00:00:00.000000,122.36,122.53,119.6,119.67,1251400.0
2021-08-31 00:00:00.000000,123.24,123.24,119.82,121.44,1812900.0
2021-08-30 00:00:00.000000,123.46,124.11,122.12,123.21,970800.0
2021-08-27 00:00:00.000000,117.56,122.78,117.56,122.6,1406400.0
2021-08-26 00:00:00.000000,117.85,118.8,116.72,117.16,613300.0
2021-08-25 00:00:00.000000,117.08,118.75,116.91,118.06,959100.0
2021-08-24 00:00:00.000000,117.85,118.8,116.5,116.8,976500.0
2021-08-23 00:00:00.000000,114.15,117.2,114.15,116.65,878300.0
2021-08-20 00:00:00.000000,114.38,115.43,112.16,113.56,1478300.0
2021-08-19 00:00:00.000000,113.55,115.08,112.0,114.21,1433100.0
2021-08-18 00:00:00.000000,116.06,117.61,113.83,114.01,1499400.0
2021-08-17 00:00:00.000000,117.12,117.43,114.62,116.09,1087300.0
2021-08-16 00:00:00.000000,118.32,119.59,117.3,118.47,946600.0
2021-08-13 00:00:00.000000,118.13,119.16,117.75,118.75,977700.0
2021-08-12 00:00:00.000000,120.1,120.12,118.09,118.65,1292600.0
2021-08-11 00:00:00.000000,122.93,123.05,118.83,121.38,1354300.0
2021-08-10 00:00:00.000000,126.12,126.72,120.19,122.48,1341600.0
2021-08-09 00:00:00.000000,127.3,127.63,125.6,125.94,650900.0
2021-08-06 00:00:00.000000,126.11,127.73,125.65,126.87,673700.0
2021-08-05 00:00:00.000000,128.3,128.58,126.03,126.58,912300.0
2021-08-04 00:00:00.000000,126.67,129.02,126.4,127.9,1052800.0
2021-08-03 00:00:00.000000,127.54,128.25,124.84,126.74,915300.0
2021-08-02 00:00:00.000000,127.62,130.28,126.78,127.02,1004400.0
2021-07-30 00:00:00.000000,123.94,128.87,123.94,127.0,1148100.0
2021-07-29 00:00:00.000000,124.32,127.3,123.88,125.65,2027600.0
2021-07-28 00:00:00.000000,119.18,124.02,117.7,122.08,2342800.0
2021-07-27 00:00:00.000000,126.5,126.91,120.77,123.46,2501200.0
2021-07-26 00:00:00.000000,128.0,129.91,126.99,127.43,1153000.0
2021-07-23 00:00:00.000000,128.23,129.47,126.83,128.8,850000.0
2021-07-22 00:00:00.000000,127.73,129.17,126.04,126.72,1013200.0
2021-07-21 00:00:00.000000,124.35,128.52,124.17,128.46,1210000.0
2021-07-20 00:00:00.000000,121.39,124.64,119.81,123.78,1324600.0
2021-07-19 00:00:00.000000,118.21,120.15,116.39,120.06,1422300.0
2021-07-16 00:00:00.000000,123.63,124.8,119.64,119.89,1145600.0
2021-07-15 00:00:00.000000,125.81,125.81,122.17,123.13,1528600.0
2021-07-14 00:00:00.000000,128.14,130.88,125.92,126.27,1114500.0
2021-07-13 00:00:00.000000,126.26,128.05,125.55,126.79,1038200.0
2021-07-12 00:00:00.000000,126.08,127.27,125.14,127.08,1074600.0
2021-07-09 00:00:00.000000,123.69,125.96,122.36,125.7,1251600.0
2021-07-08 00:00:00.000000,120.38,123.68,119.15,122.82,1458300.0
2021-07-07 00:00:00.000000,127.94,127.94,122.85,123.44,2780700.0
2021-07-06 00:00:00.000000,128.67,128.99,124.57,126.47,1599800.0
2021-07-02 00:00:00.000000,130.89,131.0,127.96,128.53,928200.0
2021-07-01 00:00:00.000000,133.45,133.87,129.24,129.38,1262800.0
2021-06-30 00:00:00.000000,134.7,134.95,132.46,133.96,838700.0
2021-06-29 00:00:00.000000,132.27,135.19,131.95,134.31,1314400.0
2021-06-28 00:00:00.000000,131.31,133.46,130.49,132.75,1388900.0
2021-06-25 00:00:00.000000,131.45,132.7,128.35,129.55,2613200.0
2021-06-24 00:00:00.000000,128.69,130.99,128.32,130.61,1339800.0
2021-06-23 00:00:00.000000,125.65,127.84,125.65,127.2,913400.0
2021-06-22 00:00:00.000000,126.05,126.71,124.57,125.96,1313700.0
2021-06-21 00:00:00.000000,125.31,126.37,124.16,126.22,1589700.0
2021-06-18 00:00:00.000000,127.63,129.32,123.53,124.86,2771000.0
2021-06-17 00:00:00.000000,127.92,130.02,126.83,129.59,1379800.0
2021-06-16 00:00:00.000000,131.26,132.21,127.16,128.28,1051900.0
2021-06-15 00:00:00.000000,131.42,132.55,129.85,130.31,1098000.0
2021-06-14 00:00:00.000000,128.0,131.54,127.68,131.48,1035200.0
2021-06-11 00:00:00.000000,128.67,128.68,126.46,127.98,1497600.0
2021-06-10 00:00:00.000000,124.68,128.21,124.19,127.87,1857800.0
2021-06-09 00:00:00.000000,126.8,128.44,124.67,124.71,1245800.0
2021-06-08 00:00:00.000000,131.83,132.5,125.2,126.78,1930200.0
2021-06-07 00:00:00.000000,131.35,131.69,130.14,130.8,711300.0
2021-06-04 00:00:00.000000,127.57,131.98,127.14,131.68,1039000.0
2021-06-03 00:00:00.000000,129.01,129.64,126.93,128.32,1141000.0
2021-06-02 00:00:00.000000,130.24,132.05,129.35,131.01,803700.0
2021-06-01 00:00:00.000000,133.47,135.35,130.24,130.78,1090900.0
2021-05-28 00:00:00.000000,131.0,132.95,130.62,132.35,1211800.0
2021-05-27 00:00:00.000000,128.23,131.13,127.35,130.59,1601700.0
2021-05-26 00:00:00.000000,129.12,130.5,127.16,129.06,926600.0
2021-05-25 00:00:00.000000,128.6,130.38,127.78,128.53,1065400.0
2021-05-24 00:00:00.000000,126.35,128.31,126.3,127.69,1266700.0
2021-05-21 00:00:00.000000,126.5,126.93,123.69,124.88,1882800.0
2021-05-20 00:00:00.000000,123.22,127.25,123.14,126.62,1178500.0
2021-05-19 00:00:00.000000,116.0,122.98,115.01,122.41,1564000.0
2021-05-18 00:00:00.000000,121.55,122.4,118.67,118.77,1100700.0
2021-05-17 00:00:00.000000,120.72,120.89,117.5,119.86,1127300.0
2021-05-14 00:00:00.000000,118.47,123.42,117.97,122.35,1139500.0
2021-05-13 00:00:00.000000,116.4,118.76,115.9,117.24,1493200.0
2021-05-12 00:00:00.000000,118.44,120.07,114.17,114.6,1920800.0
2021-05-11 00:00:00.000000,116.33,122.18,115.66,121.51,1888200.0
2021-05-10 00:00:00.000000,126.55,126.55,121.71,121.84,2448900.0
2021-05-07 00:00:00.000000,127.45,128.69,126.62,128.17,1269800.0
2021-05-06 00:00:00.000000,123.84,126.14,121.63,125.94,1356800.0
2021-05-05 00:00:00.000000,125.06,126.03,122.34,124.52,1160900.0
2021-05-04 00:00:00.000000,122.34,123.15,119.65,122.99,1362200.0
2021-05-03 00:00:00.000000,126.32,127.41,123.76,124.99,1061500.0
2021-04-30 00:00:00.000000,128.01,128.58,124.43,125.08,1689000.0
2021-04-29 00:00:00.000000,133.78,133.91,128.54,130.81,1216100.0
2021-04-28 00:00:00.000000,138.71,139.28,131.14,132.4,2672700.0
2021-04-27 00:00:00.000000,134.26,135.55,131.07,131.1,1776500.0
2021-04-26 00:00:00.000000,131.46,133.68,131.0,133.43,1212700.0
2021-04-23 00:00:00.000000,129.28,131.85,128.16,131.53,1257500.0
2021-04-22 00:00:00.000000,129.78,130.17,125.4,126.32,1409200.0
2021-04-21 00:00:00.000000,124.28,130.07,123.58,129.94,1515300.0
2021-04-20 00:00:00.000000,125.56,126.97,122.69,124.27,1276100.0
2021-04-19 00:00:00.000000,128.59,129.16,124.78,126.32,1524800.0
2021-04-16 00:00:00.000000,131.55,132.42,129.35,129.48,1501400.0
2021-04-15 00:00:00.000000,130.36,131.63,128.03,131.19,1612500.0
2021-04-14 00:00:00.000000,129.01,131.41,127.53,128.09,925900.0
2021-04-13 00:00:00.000000,131.75,131.99,127.22,129.0,1560700.0
2021-04-12 00:00:00.000000,132.19,132.42,129.25,130.43,1612100.0
2021-04-09 00:00:00.000000,132.74,134.07,131.37,133.06,1155600.0
2021-04-08 00:00:00.000000,133.69,134.31,132.26,133.92,1497700.0
2021-04-07 00:00:00.000000,131.58,133.39,130.46,131.78,1319700.0
2021-04-06 00:00:00.000000,132.22,134.82,130.23,132.38,1991800.0
2021-04-05 00:00:00.000000,130.56,133.77,128.0,132.68,2013000.0
2021-04-01 00:00:00.000000,124.1,128.92,124.1,128.81,2179600.0
2021-03-31 00:00:00.000000,117.83,122.87,117.62,121.68,2316700.0
2021-03-30 00:00:00.000000,113.61,116.66,113.2,115.96,1050500.0
2021-03-29 00:00:00.000000,118.14,118.22,112.35,113.89,2448500.0
2021-03-26 00:00:00.000000,112.45,119.15,112.12,119.02,2239400.0
2021-03-25 00:00:00.000000,110.01,112.14,107.85,111.74,1481300.0
2021-03-24 00:00:00.000000,116.79,117.94,111.88,112.0,2098300.0
2021-03-23 00:00:00.000000,116.45,118.2,111.89,113.12,2821000.0
2021-03-22 00:00:00.000000,117.47,118.71,115.12,117.01,2148700.0
2021-03-19 00:00:00.000000,112.93,116.06,111.32,114.91,3196300.0
2021-03-18 00:00:00.000000,115.37,116.05,112.15,112.37,2485500.0
2021-03-17 00:00:00.000000,115.63,118.87,113.38,117.47,2543000.0
2021-03-16 00:00:00.000000,119.7,119.99,116.1,117.35,2368500.0
2021-03-15 00:00:00.000000,113.52,118.37,113.24,117.75,2493000.0
2021-03-12 00:00:00.000000,111.03,113.56,110.05,112.83,1705100.0
2021-03-11 00:00:00.000000,111.0,114.83,111.0,113.86,2136000.0
2021-03-10 00:00:00.000000,117.21,117.25,108.15,108.91,2867700.0
2021-03-09 00:00:00.000000,109.0,114.83,108.62,113.34,3146600.0
2021-03-08 00:00:00.000000,112.82,113.66,104.05,104.2,3907800.0
2021-03-05 00:00:00.000000,117.47,117.83,106.45,113.9,3451600.0
2021-03-04 00:00:00.000000,121.0,121.45,111.31,113.97,3351400.0
2021-03-03 00:00:00.000000,126.65,128.67,121.46,121.49,1972800.0
2021-03-02 00:00:00.000000,133.75,133.99,126.74,126.8,1698600.0
2021-03-01 00:00:00.000000,131.47,134.35,130.5,134.0,2157900.0
2021-02-26 00:00:00.000000,126.95,129.86,124.03,128.61,1925000.0
2021-02-25 00:00:00.000000,132.77,133.29,125.31,125.64,1736600.0
2021-02-24 00:00:00.000000,128.69,134.44,126.21,134.19,2386800.0
2021-02-23 00:00:00.000000,126.89,131.89,124.57,129.78,3288900.0
2021-02-22 00:00:00.000000,139.98,140.0,131.83,132.39,1928000.0
2021-02-19 00:00:00.000000,139.67,143.26,139.39,142.59,2081500.0
2021-02-18 00:00:00.000000,135.99,137.83,134.48,136.5,1666200.0
2021-02-17 00:00:00.000000,141.07,141.71,134.53,139.3,2169000.0
2021-02-16 00:00:00.000000,145.79,147.9,142.78,143.64,2341500.0
2021-02-12 00:00:00.000000,135.39,143.78,135.04,142.41,2391500.0
2021-02-11 00:00:00.000000,129.09,135.4,129.09,135.04,1834600.0
2021-02-10 00:00:00.000000,129.57,131.48,127.28,128.71,1816200.0
2021-02-09 00:00:00.000000,128.23,129.66,126.71,128.27,2134100.0
2021-02-08 00:00:00.000000,127.97,129.64,126.5,129.09,1594000.0
2021-02-05 00:00:00.000000,127.23,128.15,124.81,126.12,1936200.0
2021-02-04 00:00:00.000000,122.18,125.62,120.95,125.52,1882000.0
2021-02-03 00:00:00.000000,123.47,124.01,120.01,120.57,2495600.0
2021-02-02 00:00:00.000000,121.5,121.79,118.61,121.61,4276000.0
2021-02-01 00:00:00.000000,116.5,117.92,114.0,117.55,3083000.0
2021-01-29 00:00:00.000000,119.72,119.72,113.04,113.48,4974800.0
2021-01-28 00:00:00.000000,123.71,124.0,119.61,119.94,4093700.0
2021-01-27 00:00:00.000000,135.4,135.51,129.4,130.11,2360400.0
2021-01-26 00:00:00.000000,140.7,141.05,138.07,138.1,1249800.0
2021-01-25 00:00:00.000000,140.48,141.79,137.67,140.11,1364200.0
2021-01-22 00:00:00.000000,139.35,140.41,137.33,137.95,1357100.0
2021-01-21 00:00:00.000000,140.78,141.41,138.75,140.24,1301600.0
2021-01-20 00:00:00.000000,143.28,143.4,137.89,138.61,1955900.0
2021-01-19 00:00:00.000000,139.23,141.57,139.03,140.63,1875000.0
2021-01-15 00:00:00.000000,138.0,138.58,134.77,137.3,1733900.0
2021-01-14 00:00:00.000000,138.21,139.55,136.68,138.39,1563000.0
2021-01-13 00:00:00.000000,136.56,137.34,135.35,136.02,1452800.0
2021-01-12 00:00:00.000000,136.38,139.53,136.05,137.09,1478900.0
2021-01-11 00:00:00.000000,131.99,136.45,130.52,135.7,2108600.0
2021-01-08 00:00:00.000000,132.86,133.48,130.44,132.15,1340800.0
2021-01-07 00:00:00.000000,124.37,130.74,124.26,129.91,2117800.0
2021-01-06 00:00:00.000000,120.69,124.85,120.21,122.41,1662500.0
2021-01-05 00:00:00.000000,118.55,121.52,118.38,121.49,1083200.0
2021-01-04 00:00:00.000000,121.88,123.45,118.1,119.19,1391400.0
2020-12-31 00:00:00.000000,120.12,120.71,118.37,119.89,699700.0
2020-12-30 00:00:00.000000,118.25,120.72,118.01,120.29,793000.0
2020-12-29 00:00:00.000000,118.92,119.07,116.4,117.2,957200.0
2020-12-28 00:00:00.000000,120.08,120.22,117.43,117.73,735300.0
2020-12-24 00:00:00.000000,117.69,118.9,116.83,118.88,421400.0
2020-12-23 00:00:00.000000,119.07,119.29,117.2,117.26,928400.0
2020-12-22 00:00:00.000000,119.73,120.13,118.15,118.57,1662100.0
2020-12-21 00:00:00.000000,117.83,120.16,117.67,119.73,1319300.0
2020-12-18 00:00:00.000000,119.34,121.09,118.83,120.59,2703600.0
2020-12-17 00:00:00.000000,121.0,122.37,118.96,119.35,1611400.0
2020-12-16 00:00:00.000000,119.45,120.84,118.59,119.77,1671800.0
2020-12-15 00:00:00.000000,117.99,120.76,117.5,120.44,1536200.0
2020-12-14 00:00:00.000000,116.62,118.21,115.83,117.18,1279400.0
2020-12-11 00:00:00.000000,114.43,116.13,112.95,115.37,1171300.0
2020-12-10 00:00:00.000000,114.01,116.14,112.28,115.68,1619700.0
2020-12-09 00:00:00.000000,118.06,118.22,113.15,114.02,1555100.0
2020-12-08 00:00:00.000000,116.91,118.96,116.54,118.67,1113700.0
2020-12-07 00:00:00.000000,116.55,117.32,114.77,117.16,1341500.0
2020-12-04 00:00:00.000000,114.83,116.28,114.0,116.03,1167700.0
2020-12-03 00:00:00.000000,115.01,117.22,113.58,113.74,1700200.0
2020-12-02 00:00:00.000000,114.5,114.95,112.85,113.96,1386100.0
2020-12-01 00:00:00.000000,111.26,115.94,111.2,115.12,2175000.0
2020-11-30 00:00:00.000000,109.94,110.64,108.04,110.34,1560400.0
2020-11-27 00:00:00.000000,109.63,110.83,109.07,109.4,849200.0
2020-11-25 00:00:00.000000,109.5,110.03,108.2,108.34,1373100.0
2020-11-24 00:00:00.000000,109.48,109.5,107.17,108.99,1664600.0
2020-11-23 00:00:00.000000,106.35,108.65,106.35,108.32,1192200.0
2020-11-20 00:00:00.000000,106.73,107.93,106.12,106.33,1376300.0
2020-11-19 00:00:00.000000,104.81,106.63,104.51,106.47,1048100.0
2020-11-18 00:00:00.000000,105.98,106.44,104.76,104.82,1186100.0
2020-11-17 00:00:00.000000,106.72,106.72,104.88,105.91,1258400.0
2020-11-16 00:00:00.000000,102.92,107.24,102.67,107.18,1763900.0
2020-11-13 00:00:00.000000,102.2,103.2,101.0,102.29,1062500.0
2020-11-12 00:00:00.000000,102.13,102.13,99.81,100.48,1274500.0
2020-11-11 00:00:00.000000,99.64,101.67,99.48,101.18,1683400.0
2020-11-10 00:00:00.000000,102.0,102.07,97.48,98.15,1975800.0
2020-11-09 00:00:00.000000,104.94,105.62,101.28,101.53,2213900.0
2020-11-06 00:00:00.000000,98.83,100.74,98.0,100.26,1506600.0
2020-11-05 00:00:00.000000,97.38,100.35,97.04,99.32,1918000.0
2020-11-04 00:00:00.000000,92.44,96.43,90.94,95.85,2561400.0
2020-11-03 00:00:00.000000,90.67,91.71,89.3,89.83,1082400.0
2020-11-02 00:00:00.000000,88.5,90.51,88.25,89.7,1842300.0
2020-10-30 00:00:00.000000,86.81,88.15,86.09,87.85,1581500.0
2020-10-29 00:00:00.000000,85.53,89.34,85.08,88.54,1615700.0
2020-10-28 00:00:00.000000,85.74,86.87,85.0,85.54,1185900.0
2020-10-27 00:00:00.000000,89.83,89.83,86.86,87.46,1474900.0
2020-10-26 00:00:00.000000,90.58,91.62,88.31,89.59,1257600.0
2020-10-23 00:00:00.000000,91.22,92.46,91.01,92.0,1166400.0
2020-10-22 00:00:00.000000,92.75,92.75,89.4,90.94,2175600.0
2020-10-21 00:00:00.000000,88.0,93.17,88.0,92.07,3533800.0
2020-10-20 00:00:00.000000,87.68,88.88,87.52,87.94,2818000.0
2020-10-19 00:00:00.000000,87.72,88.8,86.05,86.67,1468800.0
2020-10-16 00:00:00.000000,88.19,88.33,86.37,86.59,1032300.0
2020-10-15 00:00:00.000000,84.86,87.61,84.28,87.29,1096100.0
2020-10-14 00:00:00.000000,87.56,88.85,86.78,86.93,967100.0
2020-10-13 00:00:00.000000,87.0,88.64,86.13,87.63,1142600.0
2020-10-12 00:00:00.000000,87.26,87.53,85.79,86.63,2069800.0
2020-10-09 00:00:00.000000,85.36,86.84,84.61,86.1,1766600.0
2020-10-08 00:00:00.000000,82.6,83.38,82.17,82.48,1137300.0
2020-10-07 00:00:00.000000,82.35,83.32,81.84,82.29,1242900.0
2020-10-06 00:00:00.000000,81.27,83.14,80.57,81.11,1169000.0
2020-10-05 00:00:00.000000,79.5,81.31,79.48,81.23,1310400.0
2020-10-02 00:00:00.000000,78.75,79.89,78.31,78.62,1033500.0
2020-10-01 00:00:00.000000,80.84,81.65,80.37,81.3,1200800.0
2020-09-30 00:00:00.000000,79.33,80.4,78.81,79.46,1804000.0
2020-09-29 00:00:00.000000,79.52,80.67,79.49,79.86,1168500.0
2020-09-28 00:00:00.000000,78.66,79.53,77.57,79.2,1831800.0
2020-09-25 00:00:00.000000,76.34,78.1,75.41,77.72,1740600.0
2020-09-24 00:00:00.000000,74.71,77.6,74.71,76.3,2206500.0
2020-09-23 00:00:00.000000,76.86,78.07,75.13,75.41,2092600.0
2020-09-22 00:00:00.000000,77.56,77.56,75.2,76.56,1784900.0
2020-09-21 00:00:00.000000,74.97,77.0,74.5,76.92,1981900.0
2020-09-18 00:00:00.000000,78.22,78.68,75.43,76.37,30212400.0
2020-09-17 00:00:00.000000,75.0,77.71,74.2,77.64,1739700.0
2020-09-16 00:00:00.000000,77.52,78.42,76.1,76.33,1868700.0
2020-09-15 00:00:00.000000,77.46,77.84,76.27,77.2,1447500.0
2020-09-14 00:00:00.000000,76.49,77.05,75.43,76.82,1921000.0
2020-09-11 00:00:00.000000,76.0,76.6,74.08,74.92,1653300.0
2020-09-10 00:00:00.000000,77.96,78.23,74.95,75.44,3245600.0
2020-09-09 00:00:00.000000,77.5,78.18,76.35,76.87,2957400.0
2020-09-08 00:00:00.000000,76.15,78.16,75.2,75.53,4308000.0
2020-09-04 00:00:00.000000,79.26,81.62,75.46,78.6,4216300.0
2020-09-03 00:00:00.000000,86.69,87.43,81.54,81.93,2570600.0
2020-09-02 00:00:00.000000,86.54,88.53,85.62,88.37,1642400.0
2020-09-01 00:00:00.000000,86.0,87.11,84.94,85.35,1373600.0
2020-08-31 00:00:00.000000,86.08,86.26,84.28,84.97,1611400.0
2020-08-28 00:00:00.000000,85.44,85.9,84.36,85.73,2035200.0
2020-08-27 00:00:00.000000,89.98,90.29,84.78,84.78,2163000.0
2020-08-26 00:00:00.000000,90.22,90.36,89.04,89.87,830200.0
2020-08-25 00:00:00.000000,89.51,90.34,89.16,90.31,1157900.0
2020-08-24 00:00:00.000000,88.97,89.86,88.27,89.09,829900.0
2020-08-21 00:00:00.000000,88.58,88.58,87.52,88.0,1258300.0
2020-08-20 00:00:00.000000,89.0,89.23,88.02,88.73,1181400.0
2020-08-19 00:00:00.000000,91.62,92.28,90.09,90.24,840800.0
2020-08-18 00:00:00.000000,92.48,92.65,90.04,91.23,1133100.0
2020-08-17 00:00:00.000000,91.0,92.48,90.28,91.98,929400.0
2020-08-14 00:00:00.000000,90.27,93.44,89.65,90.06,1314600.0
2020-08-13 00:00:00.000000,90.0,90.87,88.9,89.98,996800.0
2020-08-12 00:00:00.000000,87.27,89.93,86.36,89.65,1310000.0
2020-08-11 00:00:00.000000,86.85,88.0,86.05,86.27,1525300.0
2020-08-10 00:00:00.000000,87.75,88.43,86.08,87.1,1418400.0
2020-08-07 00:00:00.000000,90.3,90.97,85.64,87.57,2315100.0
2020-08-06 00:00:00.000000,91.0,92.24,89.53,90.86,1675000.0
2020-08-05 00:00:00.000000,89.76,90.87,89.35,90.65,3476500.0
2020-08-04 00:00:00.000000,90.25,90.39,88.48,89.53,1126400.0
2020-08-03 00:00:00.000000,89.46,91.31,89.46,90.26,1746900.0
2020-07-31 00:00:00.000000,88.47,89.03,86.18,88.96,2330700.0
2020-07-30 00:00:00.000000,87.71,88.75,86.23,88.61,1451100.0
2020-07-29 00:00:00.000000,87.75,89.82,87.63,88.77,2317700.0
2020-07-28 00:00:00.000000,87.34,88.05,86.24,87.0,2203300.0
2020-07-27 00:00:00.000000,84.99,88.9,84.36,88.32,3006300.0
2020-07-24 00:00:00.000000,84.18,84.97,82.74,83.53,2253100.0
2020-07-23 00:00:00.000000,89.77,90.65,84.38,86.1,2763800.0
2020-07-22 00:00:00.000000,89.24,90.23,86.49,89.49,3475300.0
2020-07-21 00:00:00.000000,89.74,90.38,88.41,89.72,3341400.0
2020-07-20 00:00:00.000000,86.95,89.86,86.42,89.74,1575300.0
2020-07-17 00:00:00.000000,86.27,86.63,85.61,86.42,1031700.0
2020-07-16 00:00:00.000000,85.16,86.53,84.87,86.1,1096600.0
2020-07-15 00:00:00.000000,87.17,87.17,84.69,86.53,1590700.0
2020-07-14 00:00:00.000000,83.52,86.64,82.91,86.61,2584600.0
2020-07-13 00:00:00.000000,88.45,90.7,86.81,86.85,2280500.0
2020-07-10 00:00:00.000000,88.5,88.85,85.88,87.38,2076700.0
2020-07-09 00:00:00.000000,88.28,89.27,87.13,88.46,1440700.0
2020-07-08 00:00:00.000000,87.46,88.45,86.62,87.75,1724300.0
2020-07-07 00:00:00.000000,87.78,88.88,86.3,86.34,1994800.0
2020-07-06 00:00:00.000000,86.92,89.58,86.2,88.13,1793600.0
2020-07-02 00:00:00.000000,84.0,85.72,83.67,84.58,1609700.0
2020-07-01 00:00:00.000000,84.7,84.79,82.81,82.91,1422400.0
2020-06-30 00:00:00.000000,83.61,84.86,82.16,84.51,2337800.0
2020-06-29 00:00:00.000000,81.78,83.34,80.58,82.83,1606900.0
2020-06-26 00:00:00.000000,84.62,84.97,81.64,81.85,2395600.0
2020-06-25 00:00:00.000000,81.48,84.83,80.63,84.83,2551800.0
2020-06-24 00:00:00.000000,83.66,84.86,80.9,81.36,3000700.0
2020-06-23 00:00:00.000000,85.0,85.42,83.5,83.74,1988100.0
2020-06-22 00:00:00.000000,82.94,84.5,81.79,83.85,2598600.0
2020-06-19 00:00:00.000000,80.43,82.79,80.03,82.75,4815200.0
2020-06-18 00:00:00.000000,78.86,79.93,78.01,79.61,2025000.0
2020-06-17 00:00:00.000000,77.47,78.77,77.08,78.42,2155700.0
2020-06-16 00:00:00.000000,77.66,78.86,75.81,77.03,2604500.0
2020-06-15 00:00:00.000000,70.43,74.67,70.06,74.57,2743200.0
2020-06-12 00:00:00.000000,73.5,74.19,70.32,71.75,2548500.0
2020-06-11 00:00:00.000000,74.0,74.47,70.76,70.81,2753200.0
2020-06-10 00:00:00.000000,75.35,77.48,74.96,76.28,2280400.0
2020-06-09 00:00:00.000000,73.66,75.71,72.5,74.86,2979700.0
2020-06-08 00:00:00.000000,78.0,78.19,73.91,74.9,2851300.0
2020-06-05 00:00:00.000000,75.91,78.03,75.2,76.76,2529900.0
2020-06-04 00:00:00.000000,72.45,73.69,71.84,73.19,1996400.0
2020-06-03 00:00:00.000000,71.27,73.48,70.62,72.32,2479200.0
2020-06-02 00:00:00.000000,67.38,69.49,67.12,69.45,1344900.0
2020-06-01 00:00:00.000000,66.84,67.95,66.5,67.16,1964000.0
2020-05-29 00:00:00.000000,64.77,67.25,64.77,67.02,2464600.0
2020-05-28 00:00:00.000000,67.65,68.17,64.21,64.56,2279900.0
2020-05-27 00:00:00.000000,65.97,67.69,64.92,67.59,2647600.0
2020-05-26 00:00:00.000000,64.8,65.86,63.11,64.85,1924500.0
2020-05-22 00:00:00.000000,61.95,62.8,61.1,62.75,850000.0
2020-05-21 00:00:00.000000,62.86,63.42,60.94,61.74,1530900.0
2020-05-20 00:00:00.000000,62.73,63.84,62.5,63.53,2042400.0
2020-05-19 00:00:00.000000,60.99,62.97,60.73,61.12,1562800.0
2020-05-18 00:00:00.000000,58.51,60.97,57.5,60.65,2534100.0
2020-05-15 00:00:00.000000,57.44,59.36,56.42,56.89,3275500.0
2020-05-14 00:00:00.000000,58.93,61.55,57.33,61.39,2041000.0
2020-05-13 00:00:00.000000,61.2,62.22,58.64,59.73,1718100.0
2020-05-12 00:00:00.000000,63.41,63.92,61.29,61.3,1735800.0
2020-05-11 00:00:00.000000,64.18,64.55,63.07,63.11,2790400.0
2020-05-08 00:00:00.000000,63.1,65.71,63.1,65.09,2052600.0
2020-05-07 00:00:00.000000,61.36,62.64,61.36,62.43,2482200.0
2020-05-06 00:00:00.000000,60.42,61.68,59.83,60.5,1596600.0
2020-05-05 00:00:00.000000,60.47,61.65,59.09,59.44,1709700.0
2020-05-04 00:00:00.000000,57.34,59.18,57.05,58.58,2171100.0
2020-05-01 00:00:00.000000,60.73,61.06,56.71,57.85,3333200.0
2020-04-30 00:00:00.000000,66.7,66.87,62.53,62.54,2207400.0
2020-04-29 00:00:00.000000,63.09,67.54,63.09,67.32,2598200.0
2020-04-28 00:00:00.000000,64.58,64.84,61.8,63.19,1755300.0
2020-04-27 00:00:00.000000,62.64,65.11,62.46,63.75,1626700.0
2020-04-24 00:00:00.000000,61.22,62.17,60.28,62.0,1564800.0
2020-04-23 00:00:00.000000,60.43,62.55,60.43,61.2,2608600.0
2020-04-22 00:00:00.000000,66.28,66.28,57.49,62.78,6689200.0
2020-04-21 00:00:00.000000,61.47,62.47,60.23,60.93,3005200.0
2020-04-20 00:00:00.000000,63.11,63.81,62.46,62.47,1362800.0
2020-04-17 00:00:00.000000,65.38,66.44,63.25,63.83,2944400.0
2020-04-16 00:00:00.000000,62.43,64.59,61.96,63.86,3100200.0
2020-04-15 00:00:00.000000,60.92,61.82,59.23,61.1,1727400.0
2020-04-14 00:00:00.000000,62.71,64.61,62.56,63.31,1557300.0
2020-04-13 00:00:00.000000,60.81,61.43,59.82,60.96,908200.0
2020-04-09 00:00:00.000000,63.61,64.89,60.44,61.15,2686600.0
2020-04-08 00:00:00.000000,59.95,62.98,59.12,62.78,1912000.0
2020-04-07 00:00:00.000000,61.57,62.15,58.93,59.19,2910600.0
2020-04-06 00:00:00.000000,55.06,59.46,55.06,59.2,2591800.0
2020-04-03 00:00:00.000000,52.71,54.02,51.89,52.86,1426500.0
2020-04-02 00:00:00.000000,51.21,53.54,51.15,53.43,1387300.0
2020-04-01 00:00:00.000000,52.39,53.94,51.43,52.14,1839600.0
2020-03-31 00:00:00.000000,55.97,56.07,53.41,54.17,2192700.0
2020-03-30 00:00:00.000000,54.98,56.09,53.74,55.24,1872100.0
2020-03-27 00:00:00.000000,55.63,56.61,54.56,54.85,2156700.0
2020-03-26 00:00:00.000000,54.97,57.54,54.72,57.51,2442300.0
2020-03-25 00:00:00.000000,53.25,56.99,51.05,54.24,3288100.0
2020-03-24 00:00:00.000000,48.33,52.98,47.83,52.82,3422600.0
2020-03-23 00:00:00.000000,44.61,47.38,43.32,45.97,2652500.0
2020-03-20 00:00:00.000000,48.39,49.92,44.07,44.29,2663700.0
2020-03-19 00:00:00.000000,45.77,50.08,45.57,47.0,2558500.0
2020-03-18 00:00:00.000000,47.57,51.1,42.87,46.18,2665200.0
2020-03-17 00:00:00.000000,49.55,52.15,47.39,51.72,2535400.0
2020-03-16 00:00:00.000000,48.1,53.92,46.78,48.15,2791800.0
2020-03-13 00:00:00.000000,53.23,54.88,48.68,54.53,2910500.0
2020-03-12 00:00:00.000000,50.8,53.06,49.6,49.83,3130200.0
2020-03-11 00:00:00.000000,57.29,58.09,54.67,54.88,2534500.0
2020-03-10 00:00:00.000000,56.88,59.16,55.08,59.01,2713900.0
2020-03-09 00:00:00.000000,53.4,56.51,53.01,55.08,2483900.0
2020-03-06 00:00:00.000000,58.66,59.71,57.25,58.92,1917000.0
2020-03-05 00:00:00.000000,60.64,61.54,59.79,60.62,1637700.0
2020-03-04 00:00:00.000000,59.59,62.5,59.57,62.47,2588600.0
2020-03-03 00:00:00.000000,60.51,61.44,57.9,58.47,2071400.0
2020-03-02 00:00:00.000000,59.41,60.68,57.58,60.49,2780300.0
2020-02-28 00:00:00.000000,55.77,58.97,55.32,58.76,3646000.0
2020-02-27 00:00:00.000000,59.53,60.2,57.58,58.41,4047300.0
2020-02-26 00:00:00.000000,61.98,62.96,61.12,61.43,1956200.0
2020-02-25 00:00:00.000000,64.7,64.78,61.19,61.63,2879500.0
2020-02-24 00:00:00.000000,63.19,64.51,62.68,63.88,4037200.0
2020-02-21 00:00:00.000000,67.56,67.56,65.64,66.0,2329800.0
2020-02-20 00:00:00.000000,67.86,68.57,66.25,67.89,1793300.0
2020-02-19 00:00:00.000000,68.33,68.7,67.85,67.98,2210200.0
2020-02-18 00:00:00.000000,67.92,68.31,66.72,67.39,4028300.0
2020-02-14 00:00:00.000000,72.8,72.88,69.66,70.16,2040200.0
2020-02-13 00:00:00.000000,72.72,73.6,72.11,72.58,2073800.0
2020-02-12 00:00:00.000000,72.77,73.56,72.46,73.1,1502800.0
2020-02-11 00:00:00.000000,71.39,73.04,71.2,72.4,1565700.0
2020-02-10 00:00:00.000000,69.0,70.63,68.83,70.55,1182600.0
2020-02-07 00:00:00.000000,70.69,71.0,69.21,69.45,1604700.0
2020-02-06 00:00:00.000000,71.28,71.72,70.73,71.37,1119800.0
2020-02-05 00:00:00.000000,71.75,71.83,70.2,71.28,1377200.0
2020-02-04 00:00:00.000000,69.01,70.66,68.92,70.47,2006500.0
2020-02-03 00:00:00.000000,66.38,67.88,66.31,67.8,2032900.0
2020-01-31 00:00:00.000000,68.36,68.77,65.58,65.99,2952700.0
2020-01-30 00:00:00.000000,69.72,70.66,68.33,68.85,2411900.0
2020-01-29 00:00:00.000000,71.57,71.95,69.71,70.03,2232700.0
2020-01-28 00:00:00.000000,69.96,71.63,69.02,71.15,2624800.0
2020-01-27 00:00:00.000000,70.51,70.51,69.04,69.49,3699400.0
2020-01-24 00:00:00.000000,75.87,76.2,71.4,72.1,5662200.0
2020-01-23 00:00:00.000000,79.05,81.57,74.95,76.21,16146800.0
2020-01-22 00:00:00.000000,72.53,73.79,72.46,73.59,4299300.0
2020-01-21 00:00:00.000000,70.46,71.98,70.25,71.55,2956300.0
2020-01-17 00:00:00.000000,70.55,70.72,70.04,70.29,1300500.0
2020-01-16 00:00:00.000000,69.43,70.82,69.43,70.5,1609700.0
2020-01-15 00:00:00.000000,70.27,70.27,68.64,69.15,1580300.0
2020-01-14 00:00:00.000000,69.27,70.74,69.27,70.27,2231300.0
2020-01-13 00:00:00.000000,69.82,69.82,68.75,69.27,1482300.0
2020-01-10 00:00:00.000000,68.53,68.88,67.83,67.93,1200900.0
2020-01-09 00:00:00.000000,68.91,69.5,67.47,68.26,1783000.0
2020-01-08 00:00:00.000000,68.39,68.87,68.0,68.3,1188100.0
2020-01-07 00:00:00.000000,67.08,68.87,66.85,68.22,2096500.0
2020-01-06 00:00:00.000000,67.31,67.35,66.23,66.75,1717600.0
2020-01-03 00:00:00.000000,68.13,68.91,67.47,68.23,1363400.0
2020-01-02 00:00:00.000000,68.84,69.79,68.54,69.68,1100800.0
2019-12-31 00:00:00.000000,68.43,68.68,67.88,68.19,1124800.0
2019-12-30 00:00:00.000000,69.16,69.3,68.03,68.76,755100.0
2019-12-27 00:00:00.000000,69.84,69.9,69.01,69.14,624800.0
2019-12-26 00:00:00.000000,68.97,69.74,68.79,69.63,1663100.0
2019-12-24 00:00:00.000000,69.2,69.24,68.6,68.99,373500.0
2019-12-23 00:00:00.000000,69.73,69.8,68.99,69.07,1235300.0
2019-12-20 00:00:00.000000,68.82,69.44,68.55,69.35,3613800.0
2019-12-19 00:00:00.000000,68.49,68.78,68.05,68.56,2557400.0
2019-12-18 00:00:00.000000,68.73,68.8,68.09,68.4,1227500.0
2019-12-17 00:00:00.000000,68.66,69.0,67.94,68.52,1537900.0
2019-12-16 00:00:00.000000,67.72,69.12,67.41,68.32,2022000.0
2019-12-13 00:00:00.000000,66.34,67.37,66.19,66.69,1132400.0
2019-12-12 00:00:00.000000,65.59,67.01,65.25,66.41,1751100.0
2019-12-11 00:00:00.000000,63.99,65.62,63.9,65.56,1337000.0
2019-12-10 00:00:00.000000,63.91,64.27,63.58,64.07,1250900.0
2019-12-09 00:00:00.000000,64.0,64.06,63.5,63.52,1593900.0
2019-12-06 00:00:00.000000,62.33,63.99,62.33,63.94,1596400.0
2019-12-05 00:00:00.000000,62.6,63.25,62.23,62.66,1196300.0
2019-12-04 00:00:00.000000,62.21,63.17,62.21,62.7,1482200.0
2019-12-03 00:00:00.000000,61.17,62.2,61.02,61.64,1602500.0
2019-12-02 00:00:00.000000,62.57,63.12,61.95,62.54,1525700.0
2019-11-29 00:00:00.000000,63.7,64.06,62.52,62.59,712000.0
2019-11-27 00:00:00.000000,64.14,64.57,63.84,63.97,1186500.0
2019-11-26 00:00:00.000000,63.49,64.02,63.1,63.67,10827500.0
2019-11-25 00:00:00.000000,62.41,63.82,62.31,63.59,1829600.0
2019-11-22 00:00:00.000000,62.23,62.77,61.48,61.96,1723700.0
2019-11-21 00:00:00.000000,63.56,63.56,61.42,61.78,2243600.0
2019-11-20 00:00:00.000000,63.96,64.68,63.3,63.85,2010400.0
2019-11-19 00:00:00.000000,65.29,65.57,63.84,64.16,2523600.0
2019-11-18 00:00:00.000000,66.55,66.74,65.02,65.11,2261900.0
2019-11-15 00:00:00.000000,66.32,67.2,66.05,66.77,2873500.0
2019-11-14 00:00:00.000000,65.38,65.85,65.0,65.57,2057400.0
2019-11-13 00:00:00.000000,64.66,65.8,64.09,65.66,2534000.0
2019-11-12 00:00:00.000000,64.36,65.55,64.36,65.18,3378800.0
2019-11-11 00:00:00.000000,63.04,64.33,63.0,64.07,1071500.0
2019-11-08 00:00:00.000000,62.58,63.57,62.43,63.51,2121300.0
2019-11-07 00:00:00.000000,63.69,64.29,62.29,62.57,1871000.0
2019-11-06 00:00:00.000000,62.45,63.09,61.97,63.02,1489900.0
2019-11-05 00:00:00.000000,63.26,63.47,62.53,62.59,1394600.0
2019-11-04 00:00:00.000000,63.19,63.61,62.56,62.87,1705800.0
2019-11-01 00:00:00.000000,61.51,62.49,61.51,62.39,1499700.0
2019-10-31 00:00:00.000000,62.2,62.23,60.55,61.22,2186000.0
2019-10-30 00:00:00.000000,63.62,63.72,62.46,62.77,1449800.0
2019-10-29 00:00:00.000000,64.01,64.61,63.25,63.62,1290300.0
2019-10-28 00:00:00.000000,64.35,65.04,63.84,64.06,2128800.0
2019-10-25 00:00:00.000000,63.03,64.11,63.03,63.62,2219300.0
2019-10-24 00:00:00.000000,61.4,63.28,61.22,63.11,2652600.0
2019-10-23 00:00:00.000000,63.55,65.44,60.04,60.7,8601300.0
2019-10-22 00:00:00.000000,60.05,60.47,58.88,59.15,3589500.0
2019-10-21 00:00:00.000000,60.05,61.12,59.73,60.06,2642300.0
2019-10-18 00:00:00.000000,60.34,60.34,58.6,58.93,2926100.0
2019-10-17 00:00:00.000000,60.7,61.48,59.96,60.31,2747100.0
2019-10-16 00:00:00.000000,61.65,61.82,60.21,60.26,2058100.0
2019-10-15 00:00:00.000000,60.8,62.09,60.8,61.69,1779200.0
2019-10-14 00:00:00.000000,60.99,61.48,60.53,60.62,1314600.0
2019-10-11 00:00:00.000000,60.99,61.75,60.71,61.18,2428400.0
2019-10-10 00:00:00.000000,60.12,60.71,59.54,59.88,2266100.0
2019-10-09 00:00:00.000000,59.15,60.42,58.55,59.85,2844900.0
2019-10-08 00:00:00.000000,59.03,59.05,57.45,58.04,2063600.0
2019-10-07 00:00:00.000000,59.69,60.1,59.07,59.37,1941300.0
2019-10-04 00:00:00.000000,58.88,60.0,58.6,59.96,1993100.0
2019-10-03 00:00:00.000000,57.49,58.48,56.89,58.43,1750500.0
2019-10-02 00:00:00.000000,57.58,58.02,56.97,57.34,1877400.0
2019-10-01 00:00:00.000000,58.74,58.97,57.5,58.11,1773200.0
2019-09-30 00:00:00.000000,57.9,58.1,57.48,57.91,1531700.0
2019-09-27 00:00:00.000000,59.09,59.32,56.63,57.4,2119400.0
2019-09-26 00:00:00.000000,59.73,59.75,58.92,59.22,1765900.0
2019-09-25 00:00:00.000000,57.69,59.72,57.4,59.42,1584900.0
2019-09-24 00:00:00.000000,58.91,59.31,58.1,58.15,3045500.0
2019-09-23 00:00:00.000000,58.53,59.32,58.22,58.71,1487900.0
2019-09-20 00:00:00.000000,59.01,59.31,57.61,58.21,2750400.0
2019-09-19 00:00:00.000000,58.58,59.39,58.18,58.74,2016700.0
2019-09-18 00:00:00.000000,57.78,58.59,57.54,58.5,2096700.0
2019-09-17 00:00:00.000000,57.79,58.2,57.3,58.0,1935600.0
2019-09-16 00:00:00.000000,57.08,58.07,56.65,57.94,1093700.0
2019-09-13 00:00:00.000000,57.6,58.13,56.8,57.84,1734000.0
2019-09-12 00:00:00.000000,58.0,58.2,56.86,57.39,2251900.0
2019-09-11 00:00:00.000000,57.31,58.08,56.57,57.75,1340600.0
2019-09-10 00:00:00.000000,57.39,57.91,55.73,56.85,3042900.0
2019-09-09 00:00:00.000000,56.53,57.97,55.2,57.4,2836400.0
2019-09-06 00:00:00.000000,56.0,56.54,55.53,56.08,1631300.0
2019-09-05 00:00:00.000000,54.28,56.13,54.25,55.92,2407800.0
2019-09-04 00:00:00.000000,53.18,53.9,52.29,53.64,1407800.0
2019-09-03 00:00:00.000000,52.72,52.96,51.89,52.21,1042600.0
2019-08-30 00:00:00.000000,53.16,53.38,52.28,52.97,1475700.0
2019-08-29 00:00:00.000000,52.57,53.14,52.52,52.65,1210300.0
2019-08-28 00:00:00.000000,51.77,52.17,51.32,51.79,1363000.0
2019-08-27 00:00:00.000000,52.86,52.97,51.78,51.97,830100.0
2019-08-26 00:00:00.000000,52.89,52.89,52.08,52.45,791100.0
2019-08-23 00:00:00.000000,53.09,53.8,51.74,51.99,1389800.0
2019-08-22 00:00:00.000000,53.95,54.02,52.67,53.65,881200.0
2019-08-21 00:00:00.000000,53.76,53.89,53.16,53.43,2005900.0
2019-08-20 00:00:00.000000,53.41,53.63,52.68,53.06,1135500.0
2019-08-19 00:00:00.000000,53.9,54.27,53.0,53.12,1344800.0
2019-08-16 00:00:00.000000,52.3,53.42,52.3,52.95,1200100.0
2019-08-15 00:00:00.000000,51.53,52.32,51.31,52.03,1596100.0
2019-08-14 00:00:00.000000,52.25,52.87,51.26,51.29,2135700.0
2019-08-13 00:00:00.000000,51.72,54.35,51.09,53.58,2051500.0
2019-08-12 00:00:00.000000,51.76,53.11,51.31,52.25,2036200.0
2019-08-09 00:00:00.000000,51.93,52.51,51.01,52.17,1865700.0
2019-08-08 00:00:00.000000,51.29,52.63,50.96,52.4,3713700.0
2019-08-07 00:00:00.000000,50.93,51.09,49.89,50.45,6208200.0
2019-08-06 00:00:00.000000,52.65,52.96,50.73,51.26,4784800.0
2019-08-05 00:00:00.000000,51.85,52.48,51.11,51.73,2792500.0
2019-08-02 00:00:00.000000,54.3,54.76,53.17,53.47,2282500.0
2019-08-01 00:00:00.000000,56.4,57.11,54.05,54.8,2621700.0
2019-07-31 00:00:00.000000,57.35,57.35,55.05,55.73,3704000.0
2019-07-30 00:00:00.000000,56.82,57.75,55.6,57.36,2914200.0
2019-07-29 00:00:00.000000,56.32,58.02,56.2,57.59,3573900.0
2019-07-26 00:00:00.000000,56.24,57.27,56.03,56.35,2406300.0
2019-07-25 00:00:00.000000,57.14,57.7,55.75,55.9,5353700.0
2019-07-24 00:00:00.000000,53.3,58.61,53.13,57.94,16165100.0
2019-07-23 00:00:00.000000,47.15,48.23,47.01,48.09,2831200.0
2019-07-22 00:00:00.000000,46.4,47.25,46.39,46.84,1815600.0
2019-07-19 00:00:00.000000,46.29,46.58,45.78,45.96,1436400.0
2019-07-18 00:00:00.000000,45.15,46.32,44.85,46.3,2360100.0
2019-07-17 00:00:00.000000,45.46,45.75,44.8,45.09,1770900.0
2019-07-16 00:00:00.000000,45.18,45.86,43.79,45.16,2547400.0
2019-07-15 00:00:00.000000,46.48,46.74,46.1,46.48,1513500.0
2019-07-12 00:00:00.000000,45.27,46.35,45.23,46.26,1401800.0
2019-07-11 00:00:00.000000,45.89,46.0,44.58,45.27,2171100.0
2019-07-10 00:00:00.000000,46.85,47.49,45.74,45.92,2452600.0
2019-07-09 00:00:00.000000,46.2,46.58,45.71,46.35,2416300.0
2019-07-08 00:00:00.000000,46.63,46.99,46.31,46.65,1501800.0
2019-07-05 00:00:00.000000,46.96,47.16,46.28,46.91,1370300.0
2019-07-03 00:00:00.000000,47.66,47.71,46.95,47.3,1039900.0
2019-07-02 00:00:00.000000,48.57,48.68,47.4,47.55,1474800.0
2019-07-01 00:00:00.000000,49.4,49.77,48.38,48.83,2527700.0
2019-06-28 00:00:00.000000,47.03,48.12,46.89,47.91,5009100.0
2019-06-27 00:00:00.000000,46.26,46.98,46.26,46.65,1241200.0
2019-06-26 00:00:00.000000,46.23,46.8,45.68,45.94,1296400.0
2019-06-25 00:00:00.000000,46.44,46.87,45.43,45.45,1422900.0
2019-06-24 00:00:00.000000,45.93,46.4,45.93,46.23,987900.0
2019-06-21 00:00:00.000000,45.92,46.21,45.77,46.05,2304200.0
2019-06-20 00:00:00.000000,46.38,46.5,45.59,46.2,1048000.0
2019-06-19 00:00:00.000000,46.16,46.19,45.44,45.47,1357600.0
2019-06-18 00:00:00.000000,44.1,45.87,44.1,45.82,1725400.0
2019-06-17 00:00:00.000000,44.0,44.75,43.7,44.09,1694000.0
2019-06-14 00:00:00.000000,44.4,44.42,43.46,44.03,1733300.0
2019-06-13 00:00:00.000000,45.73,46.05,44.77,45.09,1617700.0
2019-06-12 00:00:00.000000,46.66,46.75,45.41,45.45,1546400.0
2019-06-11 00:00:00.000000,47.66,47.93,46.92,47.36,1614700.0
2019-06-10 00:00:00.000000,45.66,47.23,45.66,46.91,2702900.0
2019-06-07 00:00:00.000000,45.1,45.52,44.9,45.21,1743000.0
2019-06-06 00:00:00.000000,44.74,45.16,44.48,44.89,1994900.0
2019-06-05 00:00:00.000000,44.57,44.79,43.61,44.54,1901600.0
2019-06-04 00:00:00.000000,42.89,44.38,42.53,44.32,2226900.0
2019-06-03 00:00:00.000000,42.45,42.9,41.89,42.3,1700300.0
2019-05-31 00:00:00.000000,42.02,42.93,41.98,42.14,2178500.0
2019-05-30 00:00:00.000000,42.38,43.31,42.38,42.55,1508300.0
2019-05-29 00:00:00.000000,41.12,42.37,40.92,42.32,2195800.0
2019-05-28 00:00:00.000000,41.88,42.16,41.33,41.58,1804500.0
2019-05-24 00:00:00.000000,42.54,42.89,41.85,41.89,2065600.0
2019-05-23 00:00:00.000000,42.8,43.0,41.69,42.31,2309800.0
2019-05-22 00:00:00.000000,43.49,43.91,43.15,43.5,2182700.0
2019-05-21 00:00:00.000000,44.43,44.95,43.71,43.92,3962700.0
2019-05-20 00:00:00.000000,44.11,45.0,43.81,43.83,2847300.0
2019-05-17 00:00:00.000000,46.5,46.92,45.82,45.9,1363900.0
2019-05-16 00:00:00.000000,46.75,47.43,46.14,46.97,1850100.0
2019-05-15 00:00:00.000000,45.66,47.3,45.49,46.79,1103300.0
2019-05-14 00:00:00.000000,46.37,46.87,45.88,46.23,1351600.0
2019-05-13 00:00:00.000000,46.41,46.88,45.43,45.76,2008200.0
2019-05-10 00:00:00.000000,47.69,48.62,47.21,48.25,1570800.0
2019-05-09 00:00:00.000000,47.34,48.18,46.64,47.97,2156400.0
2019-05-08 00:00:00.000000,47.75,48.76,47.68,48.19,2212400.0
2019-05-07 00:00:00.000000,48.03,48.13,46.99,48.12,2142300.0
2019-05-06 00:00:00.000000,47.93,48.9,47.38,48.58,1913700.0
2019-05-03 00:00:00.000000,49.25,49.46,48.94,49.43,1907500.0
2019-05-02 00:00:00.000000,48.68,49.44,48.35,48.96,1744700.0
2019-05-01 00:00:00.000000,49.33,49.83,48.74,48.74,1748100.0
2019-04-30 00:00:00.000000,48.84,49.34,48.42,49.0,1665400.0
2019-04-29 00:00:00.000000,48.77,49.27,48.51,49.1,2018300.0
2019-04-26 00:00:00.000000,47.88,49.53,47.38,48.76,2745800.0
2019-04-25 00:00:00.000000,48.46,48.88,47.53,48.15,3959400.0
2019-04-24 00:00:00.000000,46.71,49.45,45.96,47.99,10154900.0
2019-04-23 00:00:00.000000,44.64,44.89,44.36,44.59,3200600.0
2019-04-22 00:00:00.000000,44.71,44.88,44.53,44.85,1701100.0
2019-04-18 00:00:00.000000,45.0,45.19,44.59,44.81,1430600.0
2019-04-17 00:00:00.000000,45.46,45.57,44.57,44.85,2130200.0
2019-04-16 00:00:00.000000,44.48,45.21,44.0,45.13,1836400.0
2019-04-15 00:00:00.000000,44.0,44.25,43.4,43.94,1364100.0
2019-04-12 00:00:00.000000,44.25,44.35,43.82,44.14,1273600.0
2019-04-11 00:00:00.000000,44.0,44.21,43.38,43.61,1536500.0
2019-04-10 00:00:00.000000,43.67,44.07,43.13,43.92,2886000.0
2019-04-09 00:00:00.000000,44.05,44.2,43.53,43.7,2599800.0
2019-04-08 00:00:00.000000,44.12,44.37,43.63,44.31,1270400.0
2019-04-05 00:00:00.000000,43.89,44.4,43.64,44.15,1576000.0
2019-04-04 00:00:00.000000,43.47,43.75,42.99,43.63,1693500.0
2019-04-03 00:00:00.000000,42.7,43.73,42.29,43.6,2964600.0
2019-04-02 00:00:00.000000,41.73,42.19,41.17,42.02,2232900.0
2019-04-01 00:00:00.000000,40.13,41.9,40.13,41.78,2904800.0
2019-03-29 00:00:00.000000,39.65,39.94,39.5,39.84,1160700.0
2019-03-28 00:00:00.000000,39.37,39.71,39.01,39.22,1060400.0
2019-03-27 00:00:00.000000,39.79,40.06,38.86,39.3,1510600.0
2019-03-26 00:00:00.000000,39.44,40.2,39.44,39.8,1219300.0
2019-03-25 00:00:00.000000,39.41,39.79,39.09,39.51,1204800.0
2019-03-22 00:00:00.000000,40.33,40.72,39.59,39.61,3130500.0
2019-03-21 00:00:00.000000,39.53,40.88,39.44,40.51,4585400.0
2019-03-20 00:00:00.000000,40.56,40.56,39.2,39.58,3597000.0
2019-03-19 00:00:00.000000,40.57,40.78,40.28,40.54,1535300.0
2019-03-18 00:00:00.000000,40.44,40.93,40.08,40.39,2611400.0
2019-03-15 00:00:00.000000,39.51,40.59,39.27,40.46,3890300.0
2019-03-14 00:00:00.000000,39.63,39.83,39.2,39.27,1690500.0
2019-03-13 00:00:00.000000,39.8,39.8,38.84,39.61,2189400.0
2019-03-12 00:00:00.000000,39.58,39.79,39.14,39.59,1261900.0
2019-03-11 00:00:00.000000,38.92,39.7,38.87,39.53,1230800.0
2019-03-08 00:00:00.000000,38.28,38.83,38.0,38.75,2199600.0
2019-03-07 00:00:00.000000,39.76,39.77,38.6,38.87,2503500.0
2019-03-06 00:00:00.000000,40.35,40.49,39.91,39.94,1392000.0
2019-03-05 00:00:00.000000,40.59,40.67,40.33,40.4,1182500.0
2019-03-04 00:00:00.000000,41.14,41.45,40.09,40.64,1849300.0
2019-03-01 00:00:00.000000,41.38,41.64,40.72,41.0,1521000.0
2019-02-28 00:00:00.000000,40.75,41.02,40.56,40.83,1473600.0
2019-02-27 00:00:00.000000,41.31,41.42,40.74,41.22,1204300.0
2019-02-26 00:00:00.000000,41.81,42.16,41.37,41.47,1689200.0
2019-02-25 00:00:00.000000,41.69,42.49,41.57,42.07,2211600.0
2019-02-22 00:00:00.000000,40.58,41.26,40.5,41.24,1578000.0
2019-02-21 00:00:00.000000,41.25,41.25,40.82,41.1,1812200.0
2019-02-20 00:00:00.000000,40.67,41.29,40.44,41.29,2340100.0
2019-02-19 00:00:00.000000,40.0,40.81,39.91,40.38,2569900.0
2019-02-15 00:00:00.000000,39.56,40.1,39.5,39.77,1742100.0
2019-02-14 00:00:00.000000,39.11,39.89,39.0,39.53,1820800.0
2019-02-13 00:00:00.000000,39.0,39.46,38.98,39.15,2877200.0
2019-02-12 00:00:00.000000,38.22,38.96,38.06,38.91,1707600.0
2019-02-11 00:00:00.000000,37.46,37.99,37.27,37.87,1421300.0
2019-02-08 00:00:00.000000,37.24,37.87,37.04,37.54,1767300.0
2019-02-07 00:00:00.000000,38.02,38.35,37.31,37.64,2275700.0
2019-02-06 00:00:00.000000,37.56,38.92,37.56,38.5,2701400.0
2019-02-05 00:00:00.000000,37.01,37.5,36.84,37.35,1694900.0
2019-02-04 00:00:00.000000,36.76,36.93,36.44,36.93,1650300.0
2019-02-01 00:00:00.000000,36.24,37.13,36.01,36.76,2990100.0
2019-01-31 00:00:00.000000,36.56,37.08,35.91,35.99,3874500.0
2019-01-30 00:00:00.000000,36.82,37.2,36.15,36.9,2711600.0
2019-01-29 00:00:00.000000,36.76,36.95,36.29,36.34,2010700.0
2019-01-28 00:00:00.000000,36.01,37.28,35.28,36.77,3644000.0
2019-01-25 00:00:00.000000,35.82,36.94,35.5,36.75,3998100.0
2019-01-24 00:00:00.000000,34.7,37.47,34.05,36.04,10477600.0
2019-01-23 00:00:00.000000,32.21,32.45,31.51,31.93,4397800.0
2019-01-22 00:00:00.000000,32.47,32.58,31.63,31.8,2152500.0
2019-01-18 00:00:00.000000,32.34,33.37,32.31,32.9,2448500.0
2019-01-17 00:00:00.000000,31.45,32.31,31.35,32.11,2838300.0
2019-01-16 00:00:00.000000,31.8,32.31,31.69,31.71,1639700.0
2019-01-15 00:00:00.000000,31.53,31.98,31.45,31.79,2224400.0
2019-01-14 00:00:00.000000,31.11,31.85,30.84,31.49,2764700.0
2019-01-11 00:00:00.000000,31.91,32.66,31.9,32.33,1403900.0
2019-01-10 00:00:00.000000,31.63,32.32,31.47,32.17,1589600.0
2019-01-09 00:00:00.000000,31.01,32.4,31.01,31.9,2651100.0
2019-01-08 00:00:00.000000,31.25,31.59,30.4,30.78,1889000.0
2019-01-07 00:00:00.000000,31.21,31.74,30.65,31.15,2407500.0
2019-01-04 00:00:00.000000,30.22,31.24,30.02,31.1,3446100.0
2019-01-03 00:00:00.000000,30.93,31.21,29.58,29.6,4214200.0
2019-01-02 00:00:00.000000,30.54,32.17,30.54,31.74,2411000.0
2018-12-31 00:00:00.000000,31.61,31.76,30.91,31.38,2307400.0
2018-12-28 00:00:00.000000,31.82,31.96,30.99,31.19,2745900.0
2018-12-27 00:00:00.000000,29.84,30.97,29.67,30.92,2333700.0
2018-12-26 00:00:00.000000,29.36,30.51,28.73,30.49,2139300.0
2018-12-24 00:00:00.000000,29.34,29.88,28.89,28.94,1564500.0
2018-12-21 00:00:00.000000,30.18,30.56,29.51,29.56,6730500.0
2018-12-20 00:00:00.000000,30.68,31.34,29.89,30.69,4532700.0
2018-12-19 00:00:00.000000,31.77,32.42,30.56,30.6,3957700.0
2018-12-18 00:00:00.000000,32.06,33.26,31.87,31.96,2799000.0
2018-12-17 00:00:00.000000,32.31,32.84,31.74,31.8,2786900.0
2018-12-14 00:00:00.000000,32.47,33.13,32.2,32.51,1651800.0
2018-12-13 00:00:00.000000,33.32,33.54,32.86,33.0,1818900.0
2018-12-12 00:00:00.000000,33.6,34.04,33.09,33.36,2052100.0
2018-12-11 00:00:00.000000,33.33,34.18,32.9,32.96,1697200.0
2018-12-10 00:00:00.000000,32.51,33.12,32.36,32.87,1865200.0
2018-12-07 00:00:00.000000,33.92,33.92,32.29,32.61,2759000.0
2018-12-06 00:00:00.000000,33.43,33.82,32.83,33.81,3373200.0
2018-12-04 00:00:00.000000,35.79,35.87,34.42,34.49,2914400.0
2018-12-03 00:00:00.000000,36.64,37.13,35.39,35.96,4077800.0
2018-11-30 00:00:00.000000,35.23,35.71,34.79,35.69,3284500.0
2018-11-29 00:00:00.000000,36.39,36.53,35.35,35.37,2763700.0
2018-11-28 00:00:00.000000,36.48,36.57,35.96,36.4,5100900.0
2018-11-27 00:00:00.000000,36.29,36.54,35.97,36.27,1806200.0
2018-11-26 00:00:00.000000,36.49,36.75,35.93,36.62,1202400.0
2018-11-23 00:00:00.000000,35.31,36.33,35.31,35.86,315000.0
2018-11-21 00:00:00.000000,35.68,36.18,35.22,35.81,1306400.0
2018-11-20 00:00:00.000000,33.87,35.48,33.09,35.28,2970700.0
2018-11-19 00:00:00.000000,36.13,36.44,35.08,35.29,1761300.0
2018-11-16 00:00:00.000000,35.61,36.61,35.36,36.41,1644800.0
2018-11-15 00:00:00.000000,34.65,36.64,34.61,36.5,2248300.0
2018-11-14 00:00:00.000000,34.56,35.24,34.38,34.89,3088400.0
2018-11-13 00:00:00.000000,34.36,35.1,33.94,34.02,2435000.0
2018-11-12 00:00:00.000000,35.01,35.01,33.66,34.04,2475300.0
2018-11-09 00:00:00.000000,36.4,36.63,35.14,35.59,1386100.0
2018-11-08 00:00:00.000000,36.33,36.93,36.32,36.75,1388500.0
2018-11-07 00:00:00.000000,36.72,36.78,35.72,36.56,1499500.0
2018-11-06 00:00:00.000000,35.7,36.3,35.57,36.19,1573400.0
2018-11-05 00:00:00.000000,36.25,36.34,35.02,35.79,1525700.0
2018-11-02 00:00:00.000000,36.22,36.45,35.45,36.11,2154500.0
2018-11-01 00:00:00.000000,34.8,36.23,34.26,36.19,3791200.0
2018-10-31 00:00:00.000000,34.73,34.93,34.29,34.45,2502000.0
2018-10-30 00:00:00.000000,32.6,34.02,32.45,33.99,3441300.0
2018-10-29 00:00:00.000000,32.91,33.84,31.96,32.43,4901600.0
2018-10-26 00:00:00.000000,31.93,32.86,31.88,32.35,5828500.0
2018-10-25 00:00:00.000000,31.45,33.25,31.28,32.79,7263100.0
2018-10-24 00:00:00.000000,30.96,32.31,30.22,30.23,7696500.0
2018-10-23 00:00:00.000000,31.32,32.59,30.81,32.2,4169900.0
2018-10-22 00:00:00.000000,33.0,33.12,32.08,32.29,2510100.0
2018-10-19 00:00:00.000000,32.84,33.23,32.51,32.77,3068600.0
2018-10-18 00:00:00.000000,32.59,33.25,32.0,32.79,3404800.0
2018-10-17 00:00:00.000000,35.29,35.72,34.08,34.14,2627300.0
2018-10-16 00:00:00.000000,33.7,34.63,33.45,34.59,2316500.0
2018-10-15 00:00:00.000000,33.07,33.77,33.05,33.25,2609400.0
2018-10-12 00:00:00.000000,33.54,33.84,32.56,33.25,2475100.0
2018-10-11 00:00:00.000000,32.48,33.69,32.48,32.65,3868000.0
2018-10-10 00:00:00.000000,33.23,34.02,32.41,32.45,4942500.0
2018-10-09 00:00:00.000000,34.44,34.57,33.83,34.0,2855400.0
2018-10-08 00:00:00.000000,34.29,34.93,33.66,34.52,2022200.0
2018-10-05 00:00:00.000000,35.99,36.25,34.8,34.94,3306100.0
2018-10-04 00:00:00.000000,36.3,36.31,35.61,35.94,2525100.0
2018-10-03 00:00:00.000000,36.73,36.98,35.81,36.6,2739400.0
2018-10-02 00:00:00.000000,36.7,37.34,36.7,36.93,1767200.0
2018-10-01 00:00:00.000000,37.45,37.66,36.7,36.9,2321900.0
2018-09-28 00:00:00.000000,36.96,37.21,36.64,36.98,3793900.0
2018-09-27 00:00:00.000000,37.22,37.47,37.01,37.14,1306200.0
2018-09-26 00:00:00.000000,37.36,37.69,37.0,37.04,1690300.0
2018-09-25 00:00:00.000000,38.3,38.6,37.31,37.47,2130200.0
2018-09-24 00:00:00.000000,38.06,38.59,37.85,38.45,1466700.0
2018-09-21 00:00:00.000000,37.8,38.39,37.66,38.21,4410700.0
2018-09-20 00:00:00.000000,37.45,38.09,37.22,37.77,2238600.0
2018-09-19 00:00:00.000000,37.49,37.66,36.77,37.13,1747300.0
2018-09-18 00:00:00.000000,37.36,37.67,37.21,37.48,2304300.0
2018-09-17 00:00:00.000000,37.49,37.79,37.12,37.22,1446100.0
2018-09-14 00:00:00.000000,37.68,38.1,37.18,37.54,1875200.0
2018-09-13 00:00:00.000000,37.11,38.04,37.04,37.41,2704800.0
2018-09-12 00:00:00.000000,37.66,37.92,36.44,36.67,5786800.0
2018-09-11 00:00:00.000000,39.21,39.28,38.51,38.56,2553700.0
2018-09-10 00:00:00.000000,40.25,40.25,39.29,39.45,1431600.0
2018-09-07 00:00:00.000000,39.59,40.28,39.44,39.7,2205600.0
2018-09-06 00:00:00.000000,40.87,40.94,39.35,39.59,2584800.0
2018-09-05 00:00:00.000000,41.06,41.3,40.65,40.91,2305800.0
2018-09-04 00:00:00.000000,41.0,41.52,40.81,41.2,1598300.0
2018-08-31 00:00:00.000000,41.2,41.28,40.84,41.19,1460700.0
2018-08-30 00:00:00.000000,41.41,41.51,41.08,41.12,1127400.0
2018-08-29 00:00:00.000000,41.9,41.9,41.28,41.52,1563000.0
2018-08-28 00:00:00.000000,41.78,41.92,41.34,41.7,1434700.0
2018-08-27 00:00:00.000000,41.05,41.78,41.0,41.68,1916000.0
2018-08-24 00:00:00.000000,40.67,40.85,40.44,40.73,1526500.0
2018-08-23 00:00:00.000000,39.94,40.63,39.91,40.27,1876200.0
2018-08-22 00:00:00.000000,39.72,40.0,39.46,39.93,1255700.0
2018-08-21 00:00:00.000000,39.38,40.26,39.23,39.88,2065800.0
2018-08-20 00:00:00.000000,39.29,39.51,38.83,39.15,2128500.0
2018-08-17 00:00:00.000000,39.85,39.91,38.97,39.26,3744200.0
2018-08-16 00:00:00.000000,40.71,40.97,40.13,40.22,2303700.0
2018-08-15 00:00:00.000000,41.45,41.61,40.2,40.37,2693500.0
2018-08-14 00:00:00.000000,41.91,42.41,41.74,41.88,2371400.0
2018-08-13 00:00:00.000000,41.97,42.08,41.59,41.62,2207500.0
2018-08-10 00:00:00.000000,42.14,42.45,41.39,41.71,3244400.0
2018-08-09 00:00:00.000000,43.5,43.63,42.62,42.71,2558300.0
2018-08-08 00:00:00.000000,44.11,44.51,43.62,43.93,1271300.0
2018-08-07 00:00:00.000000,44.0,44.41,43.78,44.01,1375300.0
2018-08-06 00:00:00.000000,43.97,44.05,43.53,43.98,1609100.0
2018-08-03 00:00:00.000000,43.6,43.82,43.4,43.75,2880700.0
2018-08-02 00:00:00.000000,42.81,43.71,42.26,43.57,1352400.0
2018-08-01 00:00:00.000000,43.17,43.77,42.97,43.29,2132600.0
2018-07-31 00:00:00.000000,43.37,43.89,43.25,43.25,2745400.0
2018-07-30 00:00:00.000000,44.27,44.49,43.19,43.22,2385400.0
2018-07-27 00:00:00.000000,44.23,44.54,43.91,44.25,3946800.0
2018-07-26 00:00:00.000000,43.2,44.45,43.01,44.02,4885400.0
2018-07-25 00:00:00.000000,44.61,45.8,41.95,42.96,9627000.0
2018-07-24 00:00:00.000000,41.26,41.62,40.07,40.38,2748300.0
2018-07-23 00:00:00.000000,39.92,40.89,39.23,40.73,3071000.0
2018-07-20 00:00:00.000000,40.02,40.34,39.75,40.22,2348400.0
2018-07-19 00:00:00.000000,41.16,41.16,39.75,40.03,2928700.0
2018-07-18 00:00:00.000000,40.84,41.46,40.6,41.38,3820500.0
2018-07-17 00:00:00.000000,39.53,40.38,39.37,40.32,1734600.0
2018-07-16 00:00:00.000000,39.6,40.0,39.47,39.83,1605600.0
2018-07-13 00:00:00.000000,39.6,39.95,39.33,39.58,1660500.0
2018-07-12 00:00:00.000000,39.43,39.83,39.17,39.75,2227600.0
2018-07-11 00:00:00.000000,39.43,39.67,38.77,38.87,2905900.0
2018-07-10 00:00:00.000000,40.24,40.76,39.94,40.11,1910100.0
2018-07-09 00:00:00.000000,39.75,40.2,39.43,40.18,1895500.0
2018-07-06 00:00:00.000000,39.05,39.57,38.73,39.52,1777400.0
2018-07-05 00:00:00.000000,38.26,39.21,38.05,39.2,3324000.0
2018-07-03 00:00:00.000000,38.61,38.85,37.75,37.82,1614300.0
2018-07-02 00:00:00.000000,37.47,38.41,37.41,38.31,2074100.0
2018-06-29 00:00:00.000000,38.63,38.74,38.04,38.07,2830900.0
2018-06-28 00:00:00.000000,37.06,37.9,36.8,37.67,2244400.0
2018-06-27 00:00:00.000000,38.21,38.49,37.27,37.28,2321900.0
2018-06-26 00:00:00.000000,37.89,38.52,37.69,38.05,2367200.0
2018-06-25 00:00:00.000000,38.32,38.49,37.06,37.67,2795800.0
2018-06-22 00:00:00.000000,39.24,39.38,38.44,38.8,3567900.0
2018-06-21 00:00:00.000000,39.39,39.55,38.92,39.1,2277800.0
2018-06-20 00:00:00.000000,39.12,39.5,38.98,39.2,1530500.0
2018-06-19 00:00:00.000000,38.28,39.07,37.94,38.99,2164700.0
2018-06-18 00:00:00.000000,38.87,39.12,38.69,39.05,1418900.0
2018-06-15 00:00:00.000000,38.87,39.36,38.87,39.34,3188900.0
2018-06-14 00:00:00.000000,38.96,39.31,38.69,39.05,2524000.0
2018-06-13 00:00:00.000000,39.21,39.73,38.91,38.93,2805300.0
2018-06-12 00:00:00.000000,39.05,39.23,38.57,39.09,2981900.0
2018-06-11 00:00:00.000000,38.85,39.25,38.65,39.02,1601000.0
2018-06-08 00:00:00.000000,38.3,38.8,37.69,38.69,3090800.0
2018-06-07 00:00:00.000000,39.63,40.04,38.55,38.81,2309600.0
2018-06-06 00:00:00.000000,39.4,39.63,39.06,39.62,1748600.0
2018-06-05 00:00:00.000000,39.66,39.73,39.08,39.46,3077700.0
2018-06-04 00:00:00.000000,39.17,39.66,39.03,39.32,3010000.0
2018-06-01 00:00:00.000000,38.35,39.35,38.11,39.31,5614300.0
2018-05-31 00:00:00.000000,38.54,39.14,37.88,37.91,3651400.0
2018-05-30 00:00:00.000000,38.92,39.31,38.38,38.57,2499700.0
2018-05-29 00:00:00.000000,38.29,38.92,38.0,38.55,3093600.0
2018-05-25 00:00:00.000000,38.55,38.9,38.31,38.73,1564600.0
2018-05-24 00:00:00.000000,38.61,38.81,38.01,38.52,1732100.0
2018-05-23 00:00:00.000000,37.85,38.5,37.77,38.47,1655900.0
2018-05-22 00:00:00.000000,38.57,38.9,38.26,38.32,2334100.0
2018-05-21 00:00:00.000000,37.84,38.29,37.68,38.18,2716400.0
2018-05-18 00:00:00.000000,37.17,37.56,36.71,37.39,3953300.0
2018-05-17 00:00:00.000000,37.65,38.14,37.35,37.72,3260800.0
2018-05-16 00:00:00.000000,36.02,37.75,36.02,37.56,4451500.0
2018-05-15 00:00:00.000000,36.27,36.38,35.45,35.87,2354700.0
2018-05-14 00:00:00.000000,36.65,37.21,36.57,36.64,1703300.0
2018-05-11 00:00:00.000000,36.53,36.86,36.09,36.33,1542900.0
2018-05-10 00:00:00.000000,36.87,37.08,36.36,36.68,2740500.0
2018-05-09 00:00:00.000000,36.31,36.84,36.21,36.67,3210500.0
2018-05-08 00:00:00.000000,36.07,36.17,35.73,36.09,3435900.0
2018-05-07 00:00:00.000000,35.94,36.23,35.57,36.14,4589000.0
2018-05-04 00:00:00.000000,34.53,35.74,34.36,35.7,5250900.0
2018-05-03 00:00:00.000000,33.97,34.93,33.61,34.88,5253000.0
2018-05-02 00:00:00.000000,33.75,34.63,33.55,34.33,7632600.0
2018-05-01 00:00:00.000000,32.5,33.57,32.06,33.51,4886000.0
2018-04-30 00:00:00.000000,33.16,33.16,32.23,32.55,5860300.0
2018-04-27 00:00:00.000000,34.15,34.15,33.04,33.2,6685700.0
2018-04-26 00:00:00.000000,34.73,35.45,33.74,34.05,7442600.0
2018-04-25 00:00:00.000000,37.04,37.45,34.35,34.7,20189000.0
2018-04-24 00:00:00.000000,41.12,41.72,40.34,41.5,5928300.0
2018-04-23 00:00:00.000000,41.11,41.7,40.33,40.45,2839600.0
2018-04-20 00:00:00.000000,41.29,41.66,40.62,40.9,5931200.0
2018-04-19 00:00:00.000000,42.24,42.51,40.85,41.45,6008900.0
2018-04-18 00:00:00.000000,44.26,44.26,42.96,43.36,3693600.0
2018-04-17 00:00:00.000000,44.86,45.06,44.56,44.72,2280000.0
2018-04-16 00:00:00.000000,43.69,44.43,43.39,44.29,2134600.0
2018-04-13 00:00:00.000000,44.13,44.13,43.16,43.47,1771100.0
2018-04-12 00:00:00.000000,43.5,43.89,43.43,43.71,2390700.0
2018-04-11 00:00:00.000000,43.29,44.14,43.0,43.2,1882300.0
2018-04-10 00:00:00.000000,43.53,44.05,42.5,43.44,2370300.0
2018-04-09 00:00:00.000000,42.94,44.04,42.23,42.4,3455000.0
2018-04-06 00:00:00.000000,43.2,43.97,42.45,42.68,2139400.0
2018-04-05 00:00:00.000000,44.92,45.28,43.68,43.87,3036700.0
2018-04-04 00:00:00.000000,43.13,44.63,43.0,44.58,2197500.0
2018-04-03 00:00:00.000000,44.27,44.72,43.41,44.29,2300700.0
2018-04-02 00:00:00.000000,45.36,45.68,43.17,43.79,2506900.0
2018-03-29 00:00:00.000000,45.1,46.3,44.78,45.71,1798600.0
2018-03-28 00:00:00.000000,45.54,45.91,44.47,44.83,1837100.0
2018-03-27 00:00:00.000000,48.01,48.08,45.4,45.76,2077900.0
2018-03-26 00:00:00.000000,47.3,47.7,46.52,47.7,1902500.0
2018-03-23 00:00:00.000000,47.75,47.85,45.64,45.65,2952700.0
2018-03-22 00:00:00.000000,48.63,49.12,47.27,47.72,3019400.0
2018-03-21 00:00:00.000000,49.15,50.29,49.05,49.5,1907100.0
2018-03-20 00:00:00.000000,48.6,49.17,48.43,48.99,1666100.0
2018-03-19 00:00:00.000000,49.09,49.19,47.87,48.7,1823200.0
2018-03-16 00:00:00.000000,49.26,49.74,49.01,49.23,2300300.0
2018-03-15 00:00:00.000000,49.44,49.84,49.11,49.14,1640300.0
2018-03-14 00:00:00.000000,49.03,49.8,48.69,49.35,1472600.0
2018-03-13 00:00:00.000000,50.28,50.68,48.83,49.0,1993200.0
2018-03-12 00:00:00.000000,49.68,50.3,49.27,49.92,2057300.0
2018-03-09 00:00:00.000000,49.05,49.96,49.05,49.4,2435500.0
2018-03-08 00:00:00.000000,48.25,48.49,47.73,48.47,1886600.0
2018-03-07 00:00:00.000000,46.86,48.21,46.86,47.92,2731900.0
2018-03-06 00:00:00.000000,46.45,47.42,46.35,47.39,2116100.0
2018-03-05 00:00:00.000000,45.64,46.35,45.34,46.12,1894500.0
2018-03-02 00:00:00.000000,44.4,45.72,43.8,45.65,1378700.0
2018-03-01 00:00:00.000000,45.36,46.04,44.48,44.9,1946100.0
2018-02-28 00:00:00.000000,45.0,46.23,44.79,45.4,2217800.0
2018-02-27 00:00:00.000000,45.32,45.75,44.76,44.76,1817800.0
2018-02-26 00:00:00.000000,44.67,45.58,44.4,45.52,1501200.0
2018-02-23 00:00:00.000000,44.3,44.69,43.86,44.42,1283600.0
2018-02-22 00:00:00.000000,44.32,44.57,43.48,43.99,2207800.0
2018-02-21 00:00:00.000000,45.0,45.24,44.05,44.05,3502400.0
2018-02-20 00:00:00.000000,43.24,45.21,43.07,44.9,3265200.0
2018-02-16 00:00:00.000000,43.37,43.76,42.99,43.31,2213800.0
2018-02-15 00:00:00.000000,43.14,43.49,42.16,43.46,2339700.0
2018-02-14 00:00:00.000000,40.25,42.93,40.17,42.71,3088000.0
2018-02-13 00:00:00.000000,40.04,40.98,40.01,40.48,4196100.0
2018-02-12 00:00:00.000000,41.67,42.43,41.44,42.03,2195100.0
2018-02-09 00:00:00.000000,40.29,41.59,39.24,41.27,4432700.0
2018-02-08 00:00:00.000000,42.12,42.24,39.61,39.67,3627500.0
2018-02-07 00:00:00.000000,42.89,43.31,41.98,41.98,2639600.0
2018-02-06 00:00:00.000000,42.0,43.74,41.75,43.15,5311200.0
2018-02-05 00:00:00.000000,43.69,45.06,42.91,42.97,2798800.0
2018-02-02 00:00:00.000000,45.49,45.59,44.33,44.42,2127500.0
2018-02-01 00:00:00.000000,45.62,46.55,45.51,45.86,1939500.0
2018-01-31 00:00:00.000000,46.77,47.08,45.75,45.84,2598800.0
2018-01-30 00:00:00.000000,46.1,46.98,45.79,46.33,2701500.0
2018-01-29 00:00:00.000000,47.66,47.75,46.39,46.86,2646200.0
2018-01-26 00:00:00.000000,45.45,47.72,45.45,47.7,5054900.0
2018-01-25 00:00:00.000000,46.75,46.75,44.11,44.8,7469700.0
2018-01-24 00:00:00.000000,48.1,48.24,46.63,46.79,4939500.0
2018-01-23 00:00:00.000000,47.96,48.53,47.88,48.42,2003500.0
2018-01-22 00:00:00.000000,47.48,47.79,46.91,47.77,2117100.0
2018-01-19 00:00:00.000000,47.3,47.72,47.09,47.42,1823000.0
2018-01-18 00:00:00.000000,46.96,47.3,46.16,47.19,2756100.0
2018-01-17 00:00:00.000000,45.84,47.0,45.7,46.76,3695100.0
2018-01-16 00:00:00.000000,45.06,46.28,44.87,45.31,4956900.0
2018-01-12 00:00:00.000000,44.46,44.86,44.23,44.6,2131000.0
2018-01-11 00:00:00.000000,44.35,44.54,44.05,44.53,1564100.0
2018-01-10 00:00:00.000000,44.82,44.82,43.71,44.29,4062500.0
2018-01-09 00:00:00.000000,46.31,46.48,45.37,45.41,1777500.0
2018-01-08 00:00:00.000000,45.61,46.32,45.3,46.19,2507400.0
2018-01-05 00:00:00.000000,44.84,45.76,44.66,45.61,2210500.0
2018-01-04 00:00:00.000000,44.53,44.73,44.03,44.58,1354300.0
2018-01-03 00:00:00.000000,44.2,44.4,43.49,44.37,2170800.0
2018-01-02 00:00:00.000000,43.71,44.5,43.08,44.18,2890400.0
2017-12-29 00:00:00.000000,42.63,42.71,41.84,41.87,1061700.0
2017-12-28 00:00:00.000000,42.59,42.87,42.38,42.58,1313400.0
2017-12-27 00:00:00.000000,42.2,42.33,42.03,42.3,1161500.0
2017-12-26 00:00:00.000000,42.33,42.43,42.05,42.12,1537600.0
2017-12-22 00:00:00.000000,42.99,43.06,42.42,42.79,982400.0
2017-12-21 00:00:00.000000,42.99,43.27,42.64,42.98,2013900.0
2017-12-20 00:00:00.000000,42.9,43.31,42.62,43.0,1599900.0
2017-12-19 00:00:00.000000,42.31,42.75,42.3,42.46,1656300.0
2017-12-18 00:00:00.000000,42.29,42.56,41.82,42.37,2056900.0
2017-12-15 00:00:00.000000,41.08,42.09,41.06,41.88,3708600.0
2017-12-14 00:00:00.000000,40.84,41.5,40.7,41.02,1899600.0
2017-12-13 00:00:00.000000,41.18,41.37,40.62,40.83,1556300.0
2017-12-12 00:00:00.000000,41.73,41.85,40.61,40.95,1837700.0
2017-12-11 00:00:00.000000,40.65,40.92,40.12,40.46,1388200.0
2017-12-08 00:00:00.000000,40.78,40.98,40.22,40.51,1779400.0
2017-12-07 00:00:00.000000,40.27,40.66,40.13,40.3,1498300.0
2017-12-06 00:00:00.000000,39.26,40.14,39.11,39.96,1201200.0
2017-12-05 00:00:00.000000,39.25,40.29,39.01,39.67,2130100.0
2017-12-04 00:00:00.000000,40.65,40.86,38.75,39.24,2983900.0
2017-12-01 00:00:00.000000,39.94,40.28,38.9,40.11,2995300.0
2017-11-30 00:00:00.000000,41.2,41.47,40.24,40.47,4259900.0
2017-11-29 00:00:00.000000,42.85,43.0,39.62,40.82,4806100.0
2017-11-28 00:00:00.000000,43.01,43.18,42.65,42.99,1825800.0
2017-11-27 00:00:00.000000,43.24,43.44,42.85,42.98,1891300.0
2017-11-24 00:00:00.000000,43.43,43.73,43.33,43.64,1006000.0
2017-11-22 00:00:00.000000,44.02,44.17,43.21,43.28,1391800.0
2017-11-21 00:00:00.000000,43.94,44.22,43.7,44.02,1985500.0
2017-11-20 00:00:00.000000,43.96,44.63,43.96,44.43,1680500.0
2017-11-17 00:00:00.000000,43.96,44.29,43.44,43.57,1618800.0
2017-11-16 00:00:00.000000,42.92,43.91,42.79,43.83,2048700.0
2017-11-15 00:00:00.000000,42.92,43.0,42.04,42.74,2046100.0
2017-11-14 00:00:00.000000,43.68,43.89,43.11,43.35,1687900.0
2017-11-13 00:00:00.000000,43.34,44.33,43.22,43.85,2294200.0
2017-11-10 00:00:00.000000,43.67,43.9,43.49,43.7,1498900.0
2017-11-09 00:00:00.000000,43.45,43.79,42.86,43.64,2850500.0
2017-11-08 00:00:00.000000,43.34,44.04,43.22,43.89,2457800.0
2017-11-07 00:00:00.000000,43.44,43.65,43.21,43.53,2605700.0
2017-11-06 00:00:00.000000,42.92,43.5,42.57,43.45,2139500.0
2017-11-03 00:00:00.000000,42.81,43.0,42.56,42.88,1351500.0
2017-11-02 00:00:00.000000,42.44,42.83,41.85,42.55,2368400.0
2017-11-01 00:00:00.000000,43.28,43.28,41.9,42.54,3185900.0
2017-10-31 00:00:00.000000,42.73,43.64,42.7,42.89,3209800.0
2017-10-30 00:00:00.000000,42.9,42.9,42.33,42.69,2274200.0
2017-10-27 00:00:00.000000,41.66,42.81,41.63,42.74,3981000.0
2017-10-26 00:00:00.000000,41.0,42.25,39.86,42.03,8440000.0
2017-10-25 00:00:00.000000,39.16,39.47,38.58,39.12,3223200.0
2017-10-24 00:00:00.000000,39.13,39.5,39.01,39.2,3401700.0
2017-10-23 00:00:00.000000,39.35,39.41,38.86,38.94,2582300.0
2017-10-20 00:00:00.000000,39.41,39.47,38.98,39.11,1593600.0
2017-10-19 00:00:00.000000,38.9,39.09,38.26,39.06,2344800.0
2017-10-18 00:00:00.000000,39.19,39.33,38.54,39.28,1608000.0
2017-10-17 00:00:00.000000,38.79,39.2,38.47,39.07,1711400.0
2017-10-16 00:00:00.000000,38.59,38.89,38.34,38.63,1861600.0
2017-10-13 00:00:00.000000,38.97,39.05,38.59,38.61,2448900.0
2017-10-12 00:00:00.000000,38.5,38.96,38.4,38.65,1166100.0
2017-10-11 00:00:00.000000,38.3,38.63,38.17,38.61,1134400.0
2017-10-10 00:00:00.000000,38.12,38.34,37.7,38.33,1461700.0
2017-10-09 00:00:00.000000,37.9,37.97,37.71,37.95,1274000.0
2017-10-06 00:00:00.000000,37.68,38.01,37.61,37.9,1355500.0
2017-10-05 00:00:00.000000,37.98,38.01,37.61,37.72,1399600.0
2017-10-04 00:00:00.000000,37.77,38.0,37.66,37.9,1509800.0
2017-10-03 00:00:00.000000,38.08,38.1,37.54,37.71,1785200.0
2017-10-02 00:00:00.000000,37.47,37.91,37.3,37.86,3398300.0
2017-09-29 00:00:00.000000,37.21,37.47,36.89,37.29,2142900.0
2017-09-28 00:00:00.000000,36.73,37.26,36.49,37.06,2736200.0
2017-09-27 00:00:00.000000,35.93,37.31,35.93,36.79,3783200.0
2017-09-26 00:00:00.000000,35.91,36.07,35.38,35.62,1782400.0
2017-09-25 00:00:00.000000,36.25,36.34,35.42,35.86,2036200.0
2017-09-22 00:00:00.000000,35.63,36.54,35.62,36.45,2789300.0
2017-09-21 00:00:00.000000,35.76,36.05,35.53,35.69,1609000.0
2017-09-20 00:00:00.000000,36.07,36.15,35.49,35.79,1768200.0
2017-09-19 00:00:00.000000,35.84,36.41,35.73,36.19,2945700.0
2017-09-18 00:00:00.000000,35.97,36.22,35.42,35.62,5443000.0
2017-09-15 00:00:00.000000,35.88,36.94,35.83,36.87,3999600.0
2017-09-14 00:00:00.000000,36.03,36.55,35.78,35.84,1601800.0
2017-09-13 00:00:00.000000,36.06,36.16,35.63,36.03,2618500.0
2017-09-12 00:00:00.000000,35.76,36.46,35.66,36.1,1829500.0
2017-09-11 00:00:00.000000,35.43,36.15,35.43,35.74,1753800.0
2017-09-08 00:00:00.000000,35.49,35.65,34.92,35.08,1704700.0
2017-09-07 00:00:00.000000,35.77,35.98,35.35,35.65,2184300.0
2017-09-06 00:00:00.000000,35.5,35.7,35.02,35.62,1473000.0
2017-09-05 00:00:00.000000,35.85,35.88,34.97,35.45,1460800.0
2017-09-01 00:00:00.000000,35.67,35.86,35.4,35.79,1044400.0
2017-08-31 00:00:00.000000,35.98,36.03,35.34,35.61,2195400.0
2017-08-30 00:00:00.000000,35.03,35.89,35.0,35.87,2326300.0
2017-08-29 00:00:00.000000,34.41,35.07,34.24,35.02,1522700.0
2017-08-28 00:00:00.000000,34.61,34.88,34.41,34.86,1437500.0
2017-08-25 00:00:00.000000,34.74,34.84,34.38,34.53,1323000.0
2017-08-24 00:00:00.000000,34.89,34.89,34.16,34.51,1382300.0
2017-08-23 00:00:00.000000,34.5,34.91,34.43,34.78,1936600.0
2017-08-22 00:00:00.000000,34.14,34.91,34.09,34.84,1751800.0
2017-08-21 00:00:00.000000,34.0,34.04,33.3,33.93,2544100.0
2017-08-18 00:00:00.000000,33.87,34.09,33.63,33.87,1312900.0
2017-08-17 00:00:00.000000,34.53,34.66,33.7,33.74,1636700.0
2017-08-16 00:00:00.000000,34.7,34.88,34.46,34.65,1662700.0
2017-08-15 00:00:00.000000,34.35,34.83,34.23,34.6,2159800.0
2017-08-14 00:00:00.000000,33.84,34.44,33.84,34.36,2592600.0
2017-08-11 00:00:00.000000,32.6,33.5,32.58,33.48,2342400.0
2017-08-10 00:00:00.000000,33.33,33.36,32.57,32.62,2490300.0
2017-08-09 00:00:00.000000,33.36,33.77,33.09,33.57,1572300.0
2017-08-08 00:00:00.000000,33.86,34.34,33.58,33.71,2108300.0
2017-08-07 00:00:00.000000,33.47,34.1,33.47,33.89,3390500.0
2017-08-04 00:00:00.000000,33.39,33.53,32.9,33.46,2864300.0
2017-08-03 00:00:00.000000,33.41,33.63,32.69,33.31,3951600.0
2017-08-02 00:00:00.000000,34.79,34.81,33.22,33.32,4230700.0
2017-08-01 00:00:00.000000,34.83,34.87,34.24,34.5,2427800.0
2017-07-31 00:00:00.000000,34.7,35.0,34.49,34.59,3498400.0
2017-07-28 00:00:00.000000,34.32,35.06,34.32,34.48,4731700.0
2017-07-27 00:00:00.000000,34.05,35.0,33.0,34.38,11251100.0
2017-07-26 00:00:00.000000,36.21,36.86,35.94,36.8,5085600.0
2017-07-25 00:00:00.000000,35.65,36.11,35.39,36.1,3354400.0
2017-07-24 00:00:00.000000,35.2,35.77,35.02,35.66,2007800.0
2017-07-21 00:00:00.000000,35.16,35.23,34.74,35.13,2057200.0
2017-07-20 00:00:00.000000,35.1,35.46,34.74,35.33,3295900.0
2017-07-19 00:00:00.000000,34.71,34.96,34.44,34.81,2854600.0
2017-07-18 00:00:00.000000,34.0,34.53,33.9,34.5,2335900.0
2017-07-17 00:00:00.000000,34.0,34.2,33.7,34.09,2329400.0
2017-07-14 00:00:00.000000,33.32,34.01,33.23,33.99,3499700.0
2017-07-13 00:00:00.000000,33.04,33.29,32.91,33.16,2341300.0
2017-07-12 00:00:00.000000,33.05,33.5,32.77,33.04,3215100.0
2017-07-11 00:00:00.000000,32.34,32.86,32.27,32.66,3179700.0
2017-07-10 00:00:00.000000,31.46,32.52,31.2,32.38,4063800.0
2017-07-07 00:00:00.000000,30.96,31.49,30.96,31.4,4754200.0
2017-07-06 00:00:00.000000,30.61,30.83,30.07,30.8,4496000.0
2017-07-05 00:00:00.000000,30.38,31.28,30.3,30.88,5637400.0
2017-07-03 00:00:00.000000,30.17,30.36,29.68,29.69,973900.0
2017-06-30 00:00:00.000000,30.37,30.63,30.02,30.03,1881600.0
2017-06-29 00:00:00.000000,31.08,31.2,29.88,30.3,3308200.0
2017-06-28 00:00:00.000000,31.21,31.39,30.61,31.19,4555500.0
2017-06-27 00:00:00.000000,31.83,31.89,30.98,31.01,3301200.0
2017-06-26 00:00:00.000000,32.47,32.82,31.64,31.95,2605900.0
2017-06-23 00:00:00.000000,31.99,32.54,31.95,32.44,6876500.0
2017-06-22 00:00:00.000000,32.49,32.71,31.96,31.98,2297400.0
2017-06-21 00:00:00.000000,32.63,32.79,32.34,32.51,2210100.0
2017-06-20 00:00:00.000000,32.65,32.88,32.29,32.41,1928300.0
2017-06-19 00:00:00.000000,32.98,33.23,32.7,32.75,3485700.0
2017-06-16 00:00:00.000000,31.95,32.79,31.9,32.54,4454400.0
2017-06-15 00:00:00.000000,31.96,32.42,31.71,31.97,2599100.0
2017-06-14 00:00:00.000000,33.4,33.42,32.28,32.59,2952200.0
2017-06-13 00:00:00.000000,33.72,34.31,33.15,33.29,2771300.0
2017-06-12 00:00:00.000000,33.67,33.67,32.4,33.39,3609000.0
2017-06-09 00:00:00.000000,35.97,36.0,33.42,34.04,4979000.0
2017-06-08 00:00:00.000000,35.52,35.85,35.36,35.78,2564500.0
2017-06-07 00:00:00.000000,34.97,35.77,34.97,35.31,2492200.0
2017-06-06 00:00:00.000000,34.93,35.42,34.75,34.89,2110200.0
2017-06-05 00:00:00.000000,35.17,35.35,35.0,35.15,1500000.0
2017-06-02 00:00:00.000000,35.51,35.67,35.08,35.27,2047700.0
2017-06-01 00:00:00.000000,35.52,35.66,35.17,35.41,1573800.0
2017-05-31 00:00:00.000000,35.92,35.98,35.4,35.55,1720300.0
2017-05-30 00:00:00.000000,35.44,35.76,35.42,35.68,1595900.0
2017-05-26 00:00:00.000000,35.48,35.68,35.14,35.59,1683800.0
2017-05-25 00:00:00.000000,35.27,35.41,35.1,35.34,1321500.0
2017-05-24 00:00:00.000000,35.08,35.26,34.9,35.15,1453300.0
2017-05-23 00:00:00.000000,35.12,35.28,34.55,34.91,1154200.0
2017-05-22 00:00:00.000000,35.1,35.1,34.6,34.91,2280700.0
2017-05-19 00:00:00.000000,34.99,35.31,34.76,34.85,1589700.0
2017-05-18 00:00:00.000000,33.68,34.74,33.14,34.66,2727800.0
2017-05-17 00:00:00.000000,35.78,35.78,33.85,33.86,2609400.0
2017-05-16 00:00:00.000000,35.87,35.99,35.57,35.78,1564900.0
2017-05-15 00:00:00.000000,35.39,35.87,35.36,35.75,4356200.0
2017-05-12 00:00:00.000000,35.61,35.72,35.09,35.23,1751100.0
2017-05-11 00:00:00.000000,35.6,35.75,35.32,35.64,1526000.0
2017-05-10 00:00:00.000000,35.59,36.1,35.48,35.6,2806900.0
2017-05-09 00:00:00.000000,35.51,35.64,35.38,35.49,1944800.0
2017-05-08 00:00:00.000000,35.84,35.84,35.29,35.37,2669200.0
2017-05-05 00:00:00.000000,35.74,35.87,35.32,35.6,2178600.0
2017-05-04 00:00:00.000000,35.53,35.64,35.39,35.58,1366300.0
2017-05-03 00:00:00.000000,35.67,35.67,35.28,35.42,2156700.0
2017-05-02 00:00:00.000000,35.77,35.89,35.39,35.85,1745700.0
2017-05-01 00:00:00.000000,35.44,36.23,35.26,35.78,2761600.0
2017-04-28 00:00:00.000000,36.14,36.59,35.22,35.27,5362400.0
2017-04-27 00:00:00.000000,35.0,36.39,34.54,36.35,9593900.0
2017-04-26 00:00:00.000000,33.59,33.91,33.32,33.77,2797800.0
2017-04-25 00:00:00.000000,33.29,33.68,33.14,33.56,2589800.0
2017-04-24 00:00:00.000000,32.95,33.05,32.69,32.98,2629500.0
2017-04-21 00:00:00.000000,32.31,32.51,32.03,32.44,2074300.0
2017-04-20 00:00:00.000000,32.02,32.44,31.78,32.36,1978800.0
2017-04-19 00:00:00.000000,31.56,32.05,31.55,31.88,1942000.0
2017-04-18 00:00:00.000000,31.18,31.34,31.02,31.27,1526200.0
2017-04-17 00:00:00.000000,31.16,31.38,30.92,31.36,1227500.0
2017-04-13 00:00:00.000000,31.26,31.52,30.98,30.99,1524700.0
2017-04-12 00:00:00.000000,31.75,31.79,31.23,31.35,1845900.0
2017-04-11 00:00:00.000000,31.57,31.8,31.23,31.8,2063500.0
2017-04-10 00:00:00.000000,32.12,32.16,31.63,31.76,1767400.0
2017-04-07 00:00:00.000000,31.74,32.13,31.68,32.02,2060400.0
2017-04-06 00:00:00.000000,31.73,31.93,31.34,31.83,2331300.0
2017-04-05 00:00:00.000000,31.44,32.26,31.38,31.73,5047100.0
2017-04-04 00:00:00.000000,30.94,31.44,30.94,31.18,2051400.0
2017-04-03 00:00:00.000000,31.17,31.33,30.47,30.88,2456400.0
2017-03-31 00:00:00.000000,30.82,31.21,30.82,31.1,1838400.0
2017-03-30 00:00:00.000000,30.65,30.98,30.65,30.92,1002800.0
2017-03-29 00:00:00.000000,30.81,30.88,30.5,30.66,1435000.0
2017-03-28 00:00:00.000000,30.76,30.99,30.58,30.86,1291600.0
2017-03-27 00:00:00.000000,30.26,30.91,30.17,30.85,1122600.0
2017-03-24 00:00:00.000000,30.96,31.17,30.63,30.67,1357100.0
2017-03-23 00:00:00.000000,30.34,30.67,30.28,30.55,987000.0
2017-03-22 00:00:00.000000,30.0,30.52,29.97,30.47,1405600.0
2017-03-21 00:00:00.000000,31.0,31.18,29.98,30.09,1806300.0
2017-03-20 00:00:00.000000,30.8,31.19,30.76,30.94,1835800.0
2017-03-17 00:00:00.000000,30.95,31.08,30.8,30.83,1923600.0
2017-03-16 00:00:00.000000,30.76,30.98,30.68,30.83,1375800.0
2017-03-15 00:00:00.000000,30.24,30.81,30.15,30.71,2496900.0
2017-03-14 00:00:00.000000,30.0,30.15,29.88,30.06,930000.0
2017-03-13 00:00:00.000000,29.74,30.29,29.68,30.1,3226500.0
2017-03-10 00:00:00.000000,29.44,29.86,29.44,29.74,2042900.0
2017-03-09 00:00:00.000000,28.94,29.33,28.83,29.25,1128400.0
2017-03-08 00:00:00.000000,29.11,29.28,29.01,29.17,1135600.0
2017-03-07 00:00:00.000000,28.99,29.19,28.81,29.04,1518700.0
2017-03-06 00:00:00.000000,28.67,29.14,28.5,29.09,1762800.0
2017-03-03 00:00:00.000000,28.79,28.92,28.61,28.89,1931500.0
2017-03-02 00:00:00.000000,29.02,29.15,28.73,28.75,1530600.0
2017-03-01 00:00:00.000000,28.84,29.15,28.7,29.07,2342900.0
2017-02-28 00:00:00.000000,28.84,28.91,28.38,28.44,2604900.0
2017-02-27 00:00:00.000000,28.96,28.99,28.71,28.86,2472400.0
2017-02-24 00:00:00.000000,28.73,29.01,28.52,28.94,2182600.0
2017-02-23 00:00:00.000000,29.47,29.47,28.96,29.07,1786700.0
2017-02-22 00:00:00.000000,29.39,29.5,29.28,29.34,1600100.0
2017-02-21 00:00:00.000000,29.24,29.66,29.2,29.46,2144200.0
2017-02-17 00:00:00.000000,28.84,29.22,28.76,29.17,2024500.0
2017-02-16 00:00:00.000000,29.14,29.14,28.78,28.93,1167000.0
2017-02-15 00:00:00.000000,29.07,29.09,28.8,28.95,2685100.0
2017-02-14 00:00:00.000000,28.85,28.98,28.62,28.95,1231500.0
2017-02-13 00:00:00.000000,29.02,29.03,28.85,28.9,1493600.0
2017-02-10 00:00:00.000000,28.91,28.99,28.55,28.9,1683300.0
2017-02-09 00:00:00.000000,28.86,29.03,28.67,28.74,2173300.0
2017-02-08 00:00:00.000000,28.9,28.94,28.54,28.86,2426200.0
2017-02-07 00:00:00.000000,28.81,29.0,28.61,28.88,1915300.0
2017-02-06 00:00:00.000000,28.79,28.87,28.41,28.61,1700200.0
2017-02-03 00:00:00.000000,28.83,29.03,28.68,28.79,1994100.0
2017-02-02 00:00:00.000000,28.46,28.99,28.23,28.7,3470900.0
2017-02-01 00:00:00.000000,28.6,28.7,28.42,28.61,2376700.0
2017-01-31 00:00:00.000000,28.72,28.72,27.97,28.38,3098200.0
2017-01-30 00:00:00.000000,28.38,28.85,28.11,28.8,3400400.0
2017-01-27 00:00:00.000000,27.77,28.61,27.77,28.56,3413300.0
2017-01-26 00:00:00.000000,28.51,28.68,27.31,27.57,8138600.0
2017-01-25 00:00:00.000000,26.8,27.29,26.78,27.2,3765000.0
2017-01-24 00:00:00.000000,26.0,26.6,25.98,26.53,3229900.0
2017-01-23 00:00:00.000000,26.12,26.46,25.93,26.02,1912600.0
2017-01-20 00:00:00.000000,26.29,26.5,26.19,26.29,1314300.0
2017-01-19 00:00:00.000000,26.16,26.41,26.06,26.09,1791700.0
2017-01-18 00:00:00.000000,26.08,26.33,25.94,26.18,1305500.0
2017-01-17 00:00:00.000000,26.54,26.55,25.8,25.86,1780600.0
2017-01-13 00:00:00.000000,26.39,26.69,26.33,26.54,1705000.0
2017-01-12 00:00:00.000000,26.03,26.32,25.72,26.23,2064800.0
2017-01-11 00:00:00.000000,26.38,26.5,25.72,26.22,2723100.0
2017-01-10 00:00:00.000000,25.68,26.35,25.68,26.31,2659600.0
2017-01-09 00:00:00.000000,25.72,25.94,25.7,25.72,1966000.0
2017-01-06 00:00:00.000000,25.64,25.72,25.45,25.65,2354000.0
2017-01-05 00:00:00.000000,25.58,25.94,25.45,25.64,1590500.0
2017-01-04 00:00:00.000000,25.4,25.95,25.38,25.53,2448400.0
2017-01-03 00:00:00.000000,25.51,25.92,25.24,25.38,1650700.0
2016-12-30 00:00:00.000000,25.7,25.75,25.29,25.4,1259200.0
2016-12-29 00:00:00.000000,25.57,25.76,25.37,25.57,1205400.0
2016-12-28 00:00:00.000000,26.0,26.01,25.6,25.63,1296000.0
2016-12-27 00:00:00.000000,25.71,26.05,25.68,25.92,799000.0
2016-12-23 00:00:00.000000,25.61,25.73,25.46,25.72,754800.0
2016-12-22 00:00:00.000000,25.94,25.94,25.37,25.59,1133600.0
2016-12-21 00:00:00.000000,25.82,25.95,25.5,25.67,1605400.0
2016-12-20 00:00:00.000000,25.79,25.91,25.65,25.82,1149500.0
2016-12-19 00:00:00.000000,25.62,25.89,25.58,25.78,1068600.0
2016-12-16 00:00:00.000000,25.97,26.03,25.5,25.54,2915300.0
2016-12-15 00:00:00.000000,25.87,26.11,25.53,25.9,1727000.0
2016-12-14 00:00:00.000000,25.58,25.84,25.49,25.51,1929200.0
2016-12-13 00:00:00.000000,25.69,25.97,25.66,25.67,2000600.0
2016-12-12 00:00:00.000000,26.0,26.0,25.37,25.58,1622200.0
2016-12-09 00:00:00.000000,26.51,26.51,25.76,25.84,2266700.0
2016-12-08 00:00:00.000000,25.64,26.59,25.6,26.25,6737500.0
2016-12-07 00:00:00.000000,25.24,25.7,25.18,25.52,13299300.0
2016-12-06 00:00:00.000000,24.67,25.23,24.51,24.97,3817700.0
2016-12-05 00:00:00.000000,24.23,24.4,24.11,24.27,1340400.0
2016-12-02 00:00:00.000000,23.54,23.96,23.45,23.94,1856000.0
2016-12-01 00:00:00.000000,24.45,24.45,23.39,23.43,2309900.0
2016-11-30 00:00:00.000000,24.65,24.81,24.37,24.38,1990900.0
2016-11-29 00:00:00.000000,24.95,24.97,24.52,24.59,1721900.0
2016-11-28 00:00:00.000000,24.92,25.12,24.86,24.95,1091500.0
2016-11-25 00:00:00.000000,24.9,25.18,24.84,25.16,489800.0
2016-11-23 00:00:00.000000,24.82,24.95,24.6,24.9,950300.0
2016-11-22 00:00:00.000000,24.9,24.99,24.62,24.71,1506500.0
2016-11-21 00:00:00.000000,24.93,24.95,24.52,24.73,1557700.0
2016-11-18 00:00:00.000000,24.59,24.84,24.52,24.73,2287000.0
2016-11-17 00:00:00.000000,24.52,24.77,24.38,24.68,1493500.0
2016-11-16 00:00:00.000000,24.22,24.5,24.2,24.47,1384400.0
2016-11-15 00:00:00.000000,24.12,24.38,24.01,24.28,1132500.0
2016-11-14 00:00:00.000000,23.97,24.25,23.9,24.03,1879200.0
2016-11-11 00:00:00.000000,23.49,23.87,23.26,23.82,2112500.0
2016-11-10 00:00:00.000000,23.67,23.95,23.11,23.4,2267600.0
2016-11-09 00:00:00.000000,23.03,23.65,23.0,23.55,2260800.0
2016-11-08 00:00:00.000000,23.3,23.7,23.16,23.44,3373000.0
2016-11-07 00:00:00.000000,23.07,23.46,23.07,23.34,1828900.0
2016-11-04 00:00:00.000000,22.9,23.18,22.68,22.83,2490300.0
2016-11-03 00:00:00.000000,22.96,23.08,22.85,22.97,1719300.0
2016-11-02 00:00:00.000000,23.25,23.44,22.93,22.97,2106400.0
2016-11-01 00:00:00.000000,23.3,23.63,23.01,23.23,3381300.0
2016-10-31 00:00:00.000000,23.26,23.44,23.14,23.29,2381600.0
2016-10-28 00:00:00.000000,23.09,23.68,22.99,23.08,3295400.0
2016-10-27 00:00:00.000000,23.33,23.35,22.31,22.82,4376200.0
2016-10-26 00:00:00.000000,21.78,22.11,21.78,22.02,1610400.0
2016-10-25 00:00:00.000000,21.92,22.15,21.7,21.93,1511300.0
2016-10-24 00:00:00.000000,21.69,22.13,21.63,21.98,1698100.0
2016-10-21 00:00:00.000000,20.22,21.45,20.22,21.41,1368600.0
2016-10-20 00:00:00.000000,21.34,21.44,21.09,21.29,1757100.0
2016-10-19 00:00:00.000000,21.22,21.58,21.14,21.43,1641200.0
2016-10-18 00:00:00.000000,21.41,21.41,21.11,21.26,924800.0
2016-10-17 00:00:00.000000,21.2,21.35,21.12,21.16,1474800.0
2016-10-14 00:00:00.000000,21.11,21.31,21.1,21.2,1829800.0
2016-10-13 00:00:00.000000,20.92,21.0,20.53,20.95,1449100.0
2016-10-12 00:00:00.000000,21.19,21.22,20.98,21.21,1226700.0
2016-10-11 00:00:00.000000,21.49,21.49,20.96,21.16,1877800.0
2016-10-10 00:00:00.000000,21.82,22.13,21.55,21.58,1042900.0
2016-10-07 00:00:00.000000,21.83,21.85,21.57,21.82,1229900.0
2016-10-06 00:00:00.000000,21.61,21.87,21.53,21.84,1008600.0
2016-10-05 00:00:00.000000,21.35,21.77,21.35,21.62,1816400.0
2016-10-04 00:00:00.000000,21.51,21.67,21.22,21.28,1159800.0
2016-10-03 00:00:00.000000,21.6,21.73,21.46,21.47,1495000.0
2016-09-30 00:00:00.000000,21.42,21.66,21.33,21.58,1586300.0
2016-09-29 00:00:00.000000,21.22,21.43,21.02,21.24,1164500.0
2016-09-28 00:00:00.000000,21.17,21.54,21.17,21.41,1260200.0
2016-09-27 00:00:00.000000,20.95,21.2,20.84,21.18,1066600.0
2016-09-26 00:00:00.000000,21.12,21.22,20.98,21.06,1410200.0
2016-09-23 00:00:00.000000,21.47,21.55,21.29,21.29,1034700.0
2016-09-22 00:00:00.000000,21.49,21.63,21.43,21.56,1193800.0
2016-09-21 00:00:00.000000,21.02,21.33,21.0,21.31,1207300.0
2016-09-20 00:00:00.000000,21.21,21.27,20.88,20.94,1250100.0
2016-09-19 00:00:00.000000,21.0,21.15,20.96,21.09,1177300.0
2016-09-16 00:00:00.000000,21.09,21.09,20.62,20.86,2163500.0
2016-09-15 00:00:00.000000,20.4,20.92,20.36,20.88,1338700.0
2016-09-14 00:00:00.000000,20.4,20.48,20.16,20.33,1196700.0
2016-09-13 00:00:00.000000,20.44,20.56,20.21,20.37,1457400.0
2016-09-12 00:00:00.000000,20.11,20.58,20.07,20.52,2628900.0
2016-09-09 00:00:00.000000,21.08,21.13,20.28,20.28,2024300.0
2016-09-08 00:00:00.000000,21.18,21.34,21.06,21.28,1277900.0
2016-09-07 00:00:00.000000,21.19,21.4,21.07,21.26,1465200.0
2016-09-06 00:00:00.000000,21.38,21.48,21.05,21.12,1217700.0
2016-09-02 00:00:00.000000,21.34,21.39,21.07,21.28,1174600.0
2016-09-01 00:00:00.000000,21.07,21.22,20.84,21.21,2011700.0
2016-08-31 00:00:00.000000,21.32,21.35,20.87,21.06,2547900.0
2016-08-30 00:00:00.000000,21.22,21.45,21.19,21.29,1819800.0
2016-08-29 00:00:00.000000,21.13,21.32,21.1,21.11,1562600.0
2016-08-26 00:00:00.000000,21.0,21.15,20.92,21.06,1137200.0
2016-08-25 00:00:00.000000,20.84,21.02,20.83,20.93,1190600.0
2016-08-24 00:00:00.000000,21.06,21.1,20.81,20.84,1428200.0
2016-08-23 00:00:00.000000,20.97,21.1,20.94,21.04,1761800.0
2016-08-22 00:00:00.000000,20.78,20.88,20.69,20.85,1227200.0
2016-08-19 00:00:00.000000,20.63,20.9,20.5,20.84,1457400.0
2016-08-18 00:00:00.000000,20.38,20.66,20.38,20.6,1027500.0
2016-08-17 00:00:00.000000,20.16,20.43,20.15,20.42,1281800.0
2016-08-16 00:00:00.000000,20.58,20.61,20.23,20.24,1016200.0
2016-08-15 00:00:00.000000,20.19,20.62,20.17,20.6,2146500.0
2016-08-12 00:00:00.000000,19.99,20.16,19.92,20.08,995400.0
2016-08-11 00:00:00.000000,19.99,20.07,19.94,20.01,1218400.0
2016-08-10 00:00:00.000000,19.95,19.98,19.74,19.89,1492800.0
2016-08-09 00:00:00.000000,20.16,20.34,19.87,19.88,2081800.0
2016-08-08 00:00:00.000000,20.11,20.12,19.93,20.07,1405400.0
2016-08-05 00:00:00.000000,19.75,20.16,19.73,20.13,1811700.0
2016-08-04 00:00:00.000000,19.49,19.74,19.49,19.67,1116200.0
2016-08-03 00:00:00.000000,19.43,19.63,19.43,19.51,1570600.0
2016-08-02 00:00:00.000000,19.73,19.9,19.47,19.48,1819900.0
2016-08-01 00:00:00.000000,19.78,19.84,19.69,19.75,2735700.0
2016-07-29 00:00:00.000000,19.95,20.2,19.45,19.75,4472600.0
2016-07-28 00:00:00.000000,19.74,21.33,19.74,20.45,7153200.0
2016-07-27 00:00:00.000000,21.21,21.27,20.85,21.15,1958400.0
2016-07-26 00:00:00.000000,21.0,21.17,20.87,21.13,1735300.0
2016-07-25 00:00:00.000000,20.93,21.1,20.84,20.86,1332500.0
2016-07-22 00:00:00.000000,20.72,20.91,20.67,20.88,1114900.0
2016-07-21 00:00:00.000000,20.97,21.01,20.63,20.76,2599300.0
2016-07-20 00:00:00.000000,20.92,21.33,20.89,21.33,2149500.0
2016-07-19 00:00:00.000000,20.8,20.93,20.72,20.81,1392500.0
2016-07-18 00:00:00.000000,20.97,21.02,20.82,20.88,919700.0
2016-07-15 00:00:00.000000,20.81,20.86,20.65,20.78,1036400.0
2016-07-14 00:00:00.000000,21.26,21.37,20.85,20.85,1873100.0
2016-07-13 00:00:00.000000,21.0,21.39,20.96,21.17,3703700.0
2016-07-12 00:00:00.000000,20.71,20.93,20.67,20.88,1672300.0
2016-07-11 00:00:00.000000,20.05,20.57,20.05,20.53,1891600.0
2016-07-08 00:00:00.000000,19.63,19.92,19.63,19.9,1334400.0
2016-07-07 00:00:00.000000,19.39,19.66,19.29,19.42,1201700.0
2016-07-06 00:00:00.000000,19.0,19.31,18.87,19.3,1573800.0
2016-07-05 00:00:00.000000,19.26,19.42,19.06,19.17,1031800.0
2016-07-01 00:00:00.000000,19.55,19.75,19.38,19.45,1377900.0
2016-06-30 00:00:00.000000,19.36,19.69,19.19,19.69,1441800.0
2016-06-29 00:00:00.000000,19.1,19.37,19.01,19.22,1192500.0
2016-06-28 00:00:00.000000,18.49,18.84,18.43,18.82,1536400.0
2016-06-27 00:00:00.000000,18.74,18.85,18.07,18.17,2335100.0
2016-06-24 00:00:00.000000,19.4,19.72,18.97,19.0,3331700.0
2016-06-23 00:00:00.000000,20.09,20.29,20.0,20.28,1329900.0
2016-06-22 00:00:00.000000,19.76,20.02,19.75,19.83,1575100.0
2016-06-21 00:00:00.000000,19.58,19.78,19.5,19.73,1858300.0
2016-06-20 00:00:00.000000,19.52,19.65,19.32,19.51,1369000.0
2016-06-17 00:00:00.000000,19.11,19.15,18.87,19.08,2101700.0
2016-06-16 00:00:00.000000,19.33,19.37,18.95,19.16,3386500.0
2016-06-15 00:00:00.000000,19.69,19.73,19.45,19.47,1725400.0
2016-06-14 00:00:00.000000,19.61,19.72,19.52,19.57,1529200.0
2016-06-13 00:00:00.000000,19.79,19.93,19.67,19.7,1532900.0
2016-06-10 00:00:00.000000,20.0,20.1,19.86,19.9,1213000.0
2016-06-09 00:00:00.000000,19.95,20.27,19.89,20.23,1064900.0
2016-06-08 00:00:00.000000,19.9,20.19,19.83,20.12,1612800.0
2016-06-07 00:00:00.000000,19.78,19.96,19.72,19.93,1025500.0
2016-06-06 00:00:00.000000,19.77,19.82,19.58,19.72,1228900.0
2016-06-03 00:00:00.000000,19.8,19.8,19.61,19.71,898900.0
2016-06-02 00:00:00.000000,19.78,19.87,19.61,19.74,1402700.0
2016-06-01 00:00:00.000000,19.78,19.93,19.69,19.79,1824000.0
2016-05-31 00:00:00.000000,19.79,19.85,19.67,19.81,1724800.0
2016-05-27 00:00:00.000000,19.38,19.88,19.37,19.74,1415000.0
2016-05-26 00:00:00.000000,19.43,19.57,19.36,19.51,1138500.0
2016-05-25 00:00:00.000000,19.49,19.59,19.38,19.43,1443800.0
2016-05-24 00:00:00.000000,18.91,19.44,18.91,19.38,1602900.0
2016-05-23 00:00:00.000000,18.94,19.13,18.84,18.85,1284700.0
2016-05-20 00:00:00.000000,18.57,18.97,18.57,18.85,1394500.0
2016-05-19 00:00:00.000000,18.4,18.65,18.38,18.44,1423000.0
2016-05-18 00:00:00.000000,18.32,18.77,18.26,18.5,1740800.0
2016-05-17 00:00:00.000000,18.57,18.67,18.34,18.35,1081600.0
2016-05-16 00:00:00.000000,18.48,18.78,18.38,18.59,1869900.0
2016-05-13 00:00:00.000000,18.46,18.61,18.4,18.46,1468300.0
2016-05-12 00:00:00.000000,18.91,18.95,18.41,18.5,2480400.0
2016-05-11 00:00:00.000000,18.86,19.0,18.83,18.83,914500.0
2016-05-10 00:00:00.000000,18.83,19.03,18.78,18.95,1122400.0
2016-05-09 00:00:00.000000,18.78,18.91,18.69,18.82,1223000.0
2016-05-06 00:00:00.000000,18.65,18.82,18.38,18.72,1729100.0
2016-05-05 00:00:00.000000,18.8,18.86,18.6,18.8,2097700.0
2016-05-04 00:00:00.000000,18.72,18.94,18.71,18.76,1925700.0
2016-05-03 00:00:00.000000,18.81,18.96,18.73,18.88,1595400.0
2016-05-02 00:00:00.000000,18.93,19.05,18.74,19.0,1943300.0
2016-04-29 00:00:00.000000,19.05,19.08,18.6,18.91,4002600.0
2016-04-28 00:00:00.000000,19.61,19.79,18.91,19.21,6058500.0
2016-04-27 00:00:00.000000,20.69,21.06,20.59,20.99,2684400.0
2016-04-26 00:00:00.000000,20.62,20.86,20.57,20.72,1777800.0
2016-04-25 00:00:00.000000,20.6,20.75,20.4,20.44,1292700.0
2016-04-22 00:00:00.000000,20.55,20.96,20.54,20.69,1612100.0
2016-04-21 00:00:00.000000,20.67,20.76,20.52,20.55,1314500.0
2016-04-20 00:00:00.000000,20.66,20.85,20.49,20.65,1382700.0
2016-04-19 00:00:00.000000,20.83,20.9,20.57,20.69,1576700.0
2016-04-18 00:00:00.000000,20.69,20.81,20.57,20.73,1514600.0
2016-04-15 00:00:00.000000,20.76,20.9,20.68,20.71,1880300.0
2016-04-14 00:00:00.000000,20.93,21.03,20.63,20.81,1608200.0
2016-04-13 00:00:00.000000,20.83,21.05,20.77,20.99,1545000.0
2016-04-12 00:00:00.000000,20.77,20.81,20.46,20.65,1524500.0
2016-04-11 00:00:00.000000,20.99,21.1,20.77,20.79,1054400.0
2016-04-08 00:00:00.000000,20.9,21.16,20.77,20.86,1326900.0
2016-04-07 00:00:00.000000,21.12,21.14,20.61,20.63,3259900.0
2016-04-06 00:00:00.000000,21.1,21.29,21.01,21.19,2036100.0
2016-04-05 00:00:00.000000,21.39,21.39,21.06,21.17,2222300.0
2016-04-04 00:00:00.000000,21.75,21.84,21.54,21.66,2489400.0
2016-04-01 00:00:00.000000,21.42,21.78,21.32,21.75,1246800.0
2016-03-31 00:00:00.000000,21.56,21.7,21.4,21.59,1126700.0
2016-03-30 00:00:00.000000,21.64,21.83,21.49,21.56,1016100.0
2016-03-29 00:00:00.000000,20.95,21.5,20.81,21.46,1283500.0
2016-03-28 00:00:00.000000,21.13,21.18,20.96,21.05,1065800.0
2016-03-24 00:00:00.000000,20.88,21.09,20.8,21.09,923900.0
2016-03-23 00:00:00.000000,21.18,21.2,20.98,21.06,1245000.0
2016-03-22 00:00:00.000000,21.18,21.39,21.11,21.21,1211900.0
2016-03-21 00:00:00.000000,21.17,21.35,20.87,21.31,1719800.0
2016-03-18 00:00:00.000000,20.9,21.47,20.78,21.25,3425800.0
2016-03-17 00:00:00.000000,20.66,20.89,20.5,20.8,1308600.0
2016-03-16 00:00:00.000000,20.28,20.64,20.14,20.61,2053700.0
2016-03-15 00:00:00.000000,19.97,20.3,19.88,20.26,1264800.0
2016-03-14 00:00:00.000000,20.06,20.23,19.97,20.05,886900.0
2016-03-11 00:00:00.000000,20.0,20.28,19.95,20.16,1216400.0
2016-03-10 00:00:00.000000,19.75,20.0,19.63,19.85,1187900.0
2016-03-09 00:00:00.000000,19.61,19.66,19.5,19.64,1859700.0
2016-03-08 00:00:00.000000,19.81,19.87,19.33,19.56,1425700.0
2016-03-07 00:00:00.000000,19.56,20.0,19.53,19.97,1482500.0
2016-03-04 00:00:00.000000,19.84,19.89,19.54,19.67,1389600.0
2016-03-03 00:00:00.000000,19.64,19.78,19.49,19.75,1003600.0
2016-03-02 00:00:00.000000,19.49,19.7,19.43,19.6,1411300.0
2016-03-01 00:00:00.000000,19.2,19.65,19.12,19.56,1460600.0
2016-02-29 00:00:00.000000,19.17,19.33,19.05,19.08,1456700.0
2016-02-26 00:00:00.000000,19.42,19.42,19.04,19.12,1525200.0
2016-02-25 00:00:00.000000,18.98,19.25,18.83,19.24,1643500.0
2016-02-24 00:00:00.000000,18.42,19.0,18.3,18.96,1510700.0
2016-02-23 00:00:00.000000,18.84,18.97,18.63,18.65,1250900.0
2016-02-22 00:00:00.000000,18.98,19.12,18.76,18.88,1420000.0
2016-02-19 00:00:00.000000,18.79,19.05,18.74,18.83,1660200.0
2016-02-18 00:00:00.000000,18.82,18.94,18.68,18.79,1954200.0
2016-02-17 00:00:00.000000,18.37,18.88,18.36,18.72,2142400.0
2016-02-16 00:00:00.000000,17.89,18.47,17.89,18.23,2279400.0
2016-02-12 00:00:00.000000,17.7,17.76,17.45,17.72,1447900.0
2016-02-11 00:00:00.000000,17.64,17.83,17.34,17.55,1892600.0
2016-02-10 00:00:00.000000,17.84,18.25,17.77,17.93,2668800.0
2016-02-09 00:00:00.000000,17.77,18.12,17.7,17.77,2413600.0
2016-02-08 00:00:00.000000,18.07,18.21,17.78,17.95,2301700.0
2016-02-05 00:00:00.000000,18.56,18.59,18.25,18.35,2223100.0
2016-02-04 00:00:00.000000,18.55,18.97,18.51,18.69,2429300.0
2016-02-03 00:00:00.000000,18.72,18.92,18.36,18.54,3537300.0
2016-02-02 00:00:00.000000,19.2,19.54,18.75,18.8,2668800.0
2016-02-01 00:00:00.000000,19.25,19.57,19.09,19.47,3446600.0
2016-01-29 00:00:00.000000,19.13,19.76,19.05,19.43,6479700.0
2016-01-28 00:00:00.000000,21.08,21.08,18.53,18.99,7791800.0
2016-01-27 00:00:00.000000,19.78,20.56,19.78,19.94,4176500.0
2016-01-26 00:00:00.000000,19.5,19.91,19.38,19.82,2827500.0
2016-01-25 00:00:00.000000,19.75,19.83,19.39,19.44,1697100.0
2016-01-22 00:00:00.000000,19.69,19.98,19.58,19.78,1649900.0
2016-01-21 00:00:00.000000,19.5,19.64,19.19,19.35,2387400.0
2016-01-20 00:00:00.000000,19.27,19.61,18.82,19.41,2495000.0
2016-01-19 00:00:00.000000,19.28,19.34,18.98,19.19,2175000.0
2016-01-15 00:00:00.000000,18.55,19.05,18.55,18.98,2289800.0
2016-01-14 00:00:00.000000,19.07,19.7,18.89,19.41,3192500.0
2016-01-13 00:00:00.000000,19.44,19.5,18.86,18.95,2282600.0
2016-01-12 00:00:00.000000,19.48,19.61,19.19,19.43,2619100.0
2016-01-11 00:00:00.000000,19.29,19.34,18.96,19.22,1778900.0
2016-01-08 00:00:00.000000,19.58,19.65,19.06,19.11,2237800.0
2016-01-07 00:00:00.000000,19.48,19.88,19.46,19.51,2072100.0
2016-01-06 00:00:00.000000,20.13,20.28,19.87,20.04,2162400.0
2016-01-05 00:00:00.000000,20.34,20.6,20.24,20.51,2087300.0
2016-01-04 00:00:00.000000,20.46,20.48,20.13,20.34,2379800.0
2015-12-31 00:00:00.000000,21.17,21.2,20.67,20.67,1959700.0
2015-12-30 00:00:00.000000,21.47,21.47,21.17,21.24,1254400.0
2015-12-29 00:00:00.000000,21.41,21.5,21.3,21.36,1049400.0
2015-12-28 00:00:00.000000,21.36,21.36,21.02,21.32,1191200.0
2015-12-24 00:00:00.000000,21.5,21.56,21.38,21.46,470900.0
2015-12-23 00:00:00.000000,21.25,21.58,21.12,21.48,1748600.0
2015-12-22 00:00:00.000000,21.04,21.22,20.9,21.17,1726700.0
2015-12-21 00:00:00.000000,20.8,21.01,20.62,20.99,2072600.0
2015-12-18 00:00:00.000000,20.54,20.74,20.01,20.64,4077000.0
2015-12-17 00:00:00.000000,20.64,21.15,20.56,20.62,3159400.0
2015-12-16 00:00:00.000000,20.41,20.47,20.07,20.35,1306000.0
2015-12-15 00:00:00.000000,20.09,20.29,20.02,20.26,1578000.0
2015-12-14 00:00:00.000000,20.26,20.26,19.72,19.94,1357300.0
2015-12-11 00:00:00.000000,20.22,20.43,20.11,20.22,1886600.0
2015-12-10 00:00:00.000000,20.33,20.56,20.28,20.4,1344300.0
2015-12-09 00:00:00.000000,20.56,20.75,20.22,20.32,1786000.0
2015-12-08 00:00:00.000000,20.29,20.75,20.17,20.59,2327400.0
2015-12-07 00:00:00.000000,20.63,20.83,20.53,20.6,1253000.0
2015-12-04 00:00:00.000000,20.39,21.07,20.36,20.78,2704500.0
2015-12-03 00:00:00.000000,21.04,21.09,20.12,20.38,2583000.0
2015-12-02 00:00:00.000000,20.96,21.19,20.84,20.86,1622900.0
2015-12-01 00:00:00.000000,20.87,21.05,20.81,21.01,1475700.0
2015-11-30 00:00:00.000000,20.68,20.82,20.5,20.78,1565500.0
2015-11-27 00:00:00.000000,20.59,20.73,20.51,20.62,854300.0
2015-11-25 00:00:00.000000,20.36,20.68,20.24,20.57,1312800.0
2015-11-24 00:00:00.000000,20.42,20.55,20.23,20.42,1898000.0
2015-11-23 00:00:00.000000,20.53,20.63,20.39,20.44,2065400.0
2015-11-20 00:00:00.000000,20.6,20.71,20.53,20.58,1488700.0
2015-11-19 00:00:00.000000,20.53,20.64,20.46,20.53,1827800.0
2015-11-18 00:00:00.000000,20.14,20.52,20.07,20.5,2118400.0
2015-11-17 00:00:00.000000,20.39,20.4,19.97,20.09,2336000.0
2015-11-16 00:00:00.000000,19.89,20.29,19.79,20.27,2627500.0
2015-11-13 00:00:00.000000,20.02,20.18,19.73,19.92,3490700.0
2015-11-12 00:00:00.000000,20.12,20.33,20.01,20.01,1989400.0
2015-11-11 00:00:00.000000,20.19,20.67,20.15,20.55,2064100.0
2015-11-10 00:00:00.000000,19.9,20.18,19.89,20.11,1873500.0
2015-11-09 00:00:00.000000,19.95,20.17,19.91,20.12,1679400.0
2015-11-06 00:00:00.000000,19.78,20.07,19.75,19.99,2696200.0
2015-11-05 00:00:00.000000,19.97,20.16,19.67,19.8,1774400.0
2015-11-04 00:00:00.000000,20.1,20.14,19.97,20.0,1963300.0
2015-11-03 00:00:00.000000,19.83,20.07,19.83,20.03,1868200.0
2015-11-02 00:00:00.000000,19.57,19.96,19.51,19.91,2635800.0
2015-10-30 00:00:00.000000,19.53,19.69,19.42,19.52,2251200.0
2015-10-29 00:00:00.000000,19.73,20.03,19.35,19.38,4289300.0
2015-10-28 00:00:00.000000,18.36,20.36,18.36,20.34,7183700.0
2015-10-27 00:00:00.000000,18.65,18.86,18.47,18.54,3568700.0
2015-10-26 00:00:00.000000,18.98,19.01,18.65,18.75,2486500.0
2015-10-23 00:00:00.000000,18.84,19.11,18.76,19.05,2841700.0
2015-10-22 00:00:00.000000,18.84,18.92,18.09,18.63,6485400.0
2015-10-21 00:00:00.000000,18.67,19.29,18.58,18.6,5398300.0
2015-10-20 00:00:00.000000,18.19,18.48,18.19,18.29,2767300.0
2015-10-19 00:00:00.000000,18.16,18.3,18.11,18.24,2428400.0
2015-10-16 00:00:00.000000,18.49,18.56,18.18,18.21,2711300.0
2015-10-15 00:00:00.000000,18.73,18.86,18.39,18.5,2401700.0
2015-10-14 00:00:00.000000,18.18,18.96,18.11,18.6,2978500.0
2015-10-13 00:00:00.000000,18.34,18.4,18.13,18.17,2278400.0
2015-10-12 00:00:00.000000,18.75,18.76,18.5,18.54,1432400.0
2015-10-09 00:00:00.000000,19.09,19.18,18.6,18.68,2323800.0
2015-10-08 00:00:00.000000,18.9,19.23,18.83,19.09,1783800.0
2015-10-07 00:00:00.000000,19.04,19.27,18.79,19.02,1694400.0
2015-10-06 00:00:00.000000,19.19,19.19,18.67,18.85,2054000.0
2015-10-05 00:00:00.000000,18.4,18.73,18.23,18.7,1898300.0
2015-10-02 00:00:00.000000,17.5,18.22,17.5,18.22,1739100.0
2015-10-01 00:00:00.000000,18.0,18.02,17.43,17.8,2136100.0
2015-09-30 00:00:00.000000,17.32,18.06,17.32,18.01,2814600.0
2015-09-29 00:00:00.000000,16.91,17.19,16.89,17.13,1585300.0
2015-09-28 00:00:00.000000,17.14,17.26,16.94,16.96,2009300.0
2015-09-25 00:00:00.000000,17.54,17.61,17.22,17.32,1102400.0
2015-09-24 00:00:00.000000,17.11,17.5,16.85,17.35,2243000.0
2015-09-23 00:00:00.000000,17.52,17.75,17.33,17.33,1337500.0
2015-09-22 00:00:00.000000,17.73,17.82,17.47,17.54,2009400.0
2015-09-21 00:00:00.000000,18.44,18.89,17.99,18.03,2466700.0
2015-09-18 00:00:00.000000,18.54,18.79,18.33,18.43,2866800.0
2015-09-17 00:00:00.000000,18.87,19.17,18.8,18.86,2075800.0
2015-09-16 00:00:00.000000,18.98,19.39,18.9,19.31,2943400.0
2015-09-15 00:00:00.000000,18.31,19.06,18.14,18.97,3623500.0
2015-09-14 00:00:00.000000,17.92,17.99,17.71,17.93,1166000.0
2015-09-11 00:00:00.000000,18.33,18.33,17.67,17.89,1296300.0
2015-09-10 00:00:00.000000,17.77,18.14,17.7,17.89,1877500.0
2015-09-09 00:00:00.000000,18.21,18.4,17.71,17.77,1561400.0
2015-09-08 00:00:00.000000,18.02,18.18,17.9,18.11,1616300.0
2015-09-04 00:00:00.000000,17.69,17.93,17.6,17.62,1062600.0
2015-09-03 00:00:00.000000,17.98,18.18,17.87,18.01,1452200.0
2015-09-02 00:00:00.000000,17.81,17.84,17.51,17.81,1688300.0
2015-09-01 00:00:00.000000,17.58,17.91,17.43,17.56,2360800.0
2015-08-31 00:00:00.000000,18.01,18.31,17.93,18.04,1429800.0
2015-08-28 00:00:00.000000,17.88,18.13,17.77,18.02,1587800.0
2015-08-27 00:00:00.000000,17.86,18.01,17.49,17.99,2962500.0
2015-08-26 00:00:00.000000,17.14,17.58,16.96,17.51,2558900.0
2015-08-25 00:00:00.000000,17.46,17.67,16.77,16.78,3187700.0
2015-08-24 00:00:00.000000,16.19,17.44,16.06,16.79,3258300.0
2015-08-21 00:00:00.000000,17.49,17.82,17.26,17.26,2207400.0
2015-08-20 00:00:00.000000,18.08,18.14,17.73,17.75,2123800.0
2015-08-19 00:00:00.000000,19.23,19.23,18.13,18.25,2595300.0
2015-08-18 00:00:00.000000,18.78,18.82,18.42,18.45,1733900.0
2015-08-17 00:00:00.000000,18.5,18.86,18.48,18.75,2201700.0
2015-08-14 00:00:00.000000,18.5,18.75,18.36,18.65,1442000.0
2015-08-13 00:00:00.000000,17.35,19.14,17.19,18.57,1316500.0
2015-08-12 00:00:00.000000,18.49,18.98,18.45,18.87,1491400.0
2015-08-11 00:00:00.000000,19.04,19.23,18.83,18.92,1906900.0
2015-08-10 00:00:00.000000,19.1,19.35,19.08,19.29,1730200.0
2015-08-07 00:00:00.000000,18.83,18.95,18.69,18.93,2250800.0
2015-08-06 00:00:00.000000,18.96,18.99,18.52,18.9,2386400.0
2015-08-05 00:00:00.000000,18.87,19.23,18.77,18.95,1707500.0
2015-08-04 00:00:00.000000,18.82,18.94,18.51,18.7,2393700.0
2015-08-03 00:00:00.000000,19.19,19.31,18.79,18.82,3234800.0
2015-07-31 00:00:00.000000,19.24,19.42,19.14,19.26,2826600.0
2015-07-30 00:00:00.000000,19.56,20.0,18.71,19.19,7581400.0
2015-07-29 00:00:00.000000,18.49,18.73,18.35,18.61,3385500.0
2015-07-28 00:00:00.000000,18.33,18.71,18.18,18.56,2131500.0
2015-07-27 00:00:00.000000,18.23,18.46,18.08,18.29,1453800.0
2015-07-24 00:00:00.000000,18.8,18.89,18.31,18.36,1755100.0
2015-07-23 00:00:00.000000,18.76,19.07,18.72,18.82,1765800.0
2015-07-22 00:00:00.000000,18.72,18.72,18.45,18.6,2296500.0
2015-07-21 00:00:00.000000,18.89,19.15,18.89,18.99,2071700.0
2015-07-20 00:00:00.000000,19.24,19.28,18.92,18.93,1173100.0
2015-07-17 00:00:00.000000,19.29,19.35,19.09,19.21,1716200.0
2015-07-16 00:00:00.000000,19.67,19.67,18.95,19.29,2733100.0
2015-07-15 00:00:00.000000,19.53,19.53,19.16,19.26,1937100.0
2015-07-14 00:00:00.000000,19.6,19.66,19.41,19.53,1500000.0
2015-07-13 00:00:00.000000,19.52,19.61,19.24,19.53,1540900.0
2015-07-10 00:00:00.000000,19.3,19.49,19.22,19.34,1974100.0
2015-07-09 00:00:00.000000,19.43,19.5,19.02,19.13,2831400.0
2015-07-08 00:00:00.000000,19.12,19.24,18.9,19.04,3181300.0
2015-07-07 00:00:00.000000,19.38,19.43,18.78,19.36,2634600.0
2015-07-06 00:00:00.000000,19.23,19.49,19.2,19.38,2387800.0
2015-07-02 00:00:00.000000,19.44,19.49,19.32,19.43,1284500.0
2015-07-01 00:00:00.000000,19.53,19.67,19.19,19.35,1710900.0
2015-06-30 00:00:00.000000,19.44,19.44,19.11,19.29,2427100.0
2015-06-29 00:00:00.000000,19.41,19.68,19.22,19.24,2642600.0
2015-06-26 00:00:00.000000,19.95,20.07,19.64,19.71,3678400.0
2015-06-25 00:00:00.000000,20.23,20.26,19.99,20.07,1864400.0
2015-06-24 00:00:00.000000,20.28,20.49,20.04,20.13,2355200.0
2015-06-23 00:00:00.000000,20.71,20.74,20.45,20.49,1876900.0
2015-06-22 00:00:00.000000,20.45,20.85,20.45,20.62,1997000.0
2015-06-19 00:00:00.000000,21.07,21.14,20.7,20.76,4522600.0
2015-06-18 00:00:00.000000,20.93,21.22,20.93,21.07,2040200.0
2015-06-17 00:00:00.000000,20.93,21.06,20.8,20.91,2234800.0
2015-06-16 00:00:00.000000,20.79,20.99,20.73,20.84,1803700.0
2015-06-15 00:00:00.000000,20.76,20.88,20.37,20.83,2260500.0
2015-06-12 00:00:00.000000,21.21,21.22,21.0,21.02,2207500.0
2015-06-11 00:00:00.000000,21.15,21.22,20.98,21.21,1765400.0
2015-06-10 00:00:00.000000,21.0,21.16,20.81,21.13,1404600.0
2015-06-09 00:00:00.000000,20.8,20.95,20.63,20.85,1234600.0
2015-06-08 00:00:00.000000,21.08,21.12,20.73,20.83,1509500.0
2015-06-05 00:00:00.000000,20.67,21.18,20.63,21.16,1807200.0
2015-06-04 00:00:00.000000,20.92,20.98,20.61,20.75,1809800.0
2015-06-03 00:00:00.000000,21.06,21.26,20.93,21.06,1551900.0
2015-06-02 00:00:00.000000,21.07,21.1,20.79,20.94,1530900.0
2015-06-01 00:00:00.000000,21.27,21.3,20.93,21.21,2098600.0
2015-05-29 00:00:00.000000,21.09,21.33,20.94,21.15,3702700.0
2015-05-28 00:00:00.000000,21.12,21.28,21.06,21.19,1981000.0
2015-05-27 00:00:00.000000,20.63,21.2,20.6,21.15,2188100.0
2015-05-26 00:00:00.000000,20.66,20.69,20.33,20.56,1363800.0
2015-05-22 00:00:00.000000,20.74,20.84,20.64,20.71,1240100.0
2015-05-21 00:00:00.000000,20.66,20.86,20.56,20.8,1145600.0
2015-05-20 00:00:00.000000,20.72,20.85,20.56,20.69,1512200.0
2015-05-19 00:00:00.000000,20.75,20.82,20.6,20.71,1336700.0
2015-05-18 00:00:00.000000,20.66,20.84,20.56,20.72,1810200.0
2015-05-15 00:00:00.000000,20.82,20.89,20.58,20.63,1663400.0
2015-05-14 00:00:00.000000,20.48,20.79,20.27,20.72,2561500.0
2015-05-13 00:00:00.000000,20.84,20.91,20.29,20.42,1963400.0
2015-05-12 00:00:00.000000,20.55,20.74,20.37,20.45,1911100.0
2015-05-11 00:00:00.000000,20.47,20.7,20.36,20.68,1672600.0
2015-05-08 00:00:00.000000,20.15,20.71,20.15,20.51,2422600.0
2015-05-07 00:00:00.000000,20.0,20.14,19.87,20.05,2272200.0
2015-05-06 00:00:00.000000,19.98,20.03,19.72,19.91,1825000.0
2015-05-05 00:00:00.000000,20.2,20.26,19.72,19.82,2498600.0
2015-05-04 00:00:00.000000,20.35,20.5,20.21,20.28,3200600.0
2015-05-01 00:00:00.000000,19.52,20.5,19.51,20.3,8231900.0
2015-04-30 00:00:00.000000,18.41,18.46,18.2,18.25,2906800.0
2015-04-29 00:00:00.000000,18.44,18.68,18.35,18.53,2224000.0
2015-04-28 00:00:00.000000,18.05,18.63,18.03,18.57,3538800.0
2015-04-27 00:00:00.000000,18.38,18.54,18.04,18.12,4210200.0
2015-04-24 00:00:00.000000,18.78,18.78,18.3,18.39,3090800.0
2015-04-23 00:00:00.000000,18.62,18.81,18.46,18.73,1489400.0
2015-04-22 00:00:00.000000,18.47,18.8,18.36,18.74,1487300.0
2015-04-21 00:00:00.000000,18.72,18.75,18.42,18.46,2510600.0
2015-04-20 00:00:00.000000,18.41,18.7,18.37,18.54,3367200.0
2015-04-17 00:00:00.000000,18.52,18.54,18.13,18.24,2696100.0
2015-04-16 00:00:00.000000,18.7,18.97,18.65,18.72,2499800.0
2015-04-15 00:00:00.000000,18.95,19.13,18.81,18.85,2837000.0
2015-04-14 00:00:00.000000,19.14,19.14,18.78,18.87,1572000.0
2015-04-13 00:00:00.000000,19.34,19.42,19.14,19.16,927800.0
2015-04-10 00:00:00.000000,19.24,19.38,19.13,19.37,756200.0
2015-04-09 00:00:00.000000,18.84,19.2,18.72,19.19,1059000.0
2015-04-08 00:00:00.000000,18.76,19.11,18.76,18.97,1468200.0
2015-04-07 00:00:00.000000,18.86,19.07,18.76,18.82,1112100.0
2015-04-06 00:00:00.000000,18.61,19.01,18.54,18.89,1992300.0
2015-04-02 00:00:00.000000,18.86,18.97,18.62,18.86,1151500.0
2015-04-01 00:00:00.000000,18.79,18.87,18.48,18.73,1699300.0
2015-03-31 00:00:00.000000,19.04,19.09,18.62,18.85,2315200.0
2015-03-30 00:00:00.000000,18.87,19.14,18.77,19.11,1962600.0
2015-03-27 00:00:00.000000,18.43,18.81,18.31,18.75,1972900.0
2015-03-26 00:00:00.000000,18.46,18.75,18.29,18.43,2107800.0
2015-03-25 00:00:00.000000,19.93,19.93,18.78,18.81,1803500.0
2015-03-24 00:00:00.000000,19.98,20.05,19.83,19.91,1815300.0
2015-03-23 00:00:00.000000,20.05,20.15,19.91,20.01,1066500.0
2015-03-20 00:00:00.000000,19.84,20.12,19.75,20.1,2888800.0
2015-03-19 00:00:00.000000,19.65,19.75,19.53,19.67,1331600.0
2015-03-18 00:00:00.000000,19.65,19.8,19.37,19.72,1520500.0
2015-03-17 00:00:00.000000,19.63,19.73,19.5,19.66,1321600.0
2015-03-16 00:00:00.000000,19.5,19.88,19.5,19.85,1658800.0
2015-03-13 00:00:00.000000,19.2,19.5,19.01,19.46,1448300.0
2015-03-12 00:00:00.000000,18.92,19.22,18.9,19.18,999800.0
2015-03-11 00:00:00.000000,19.03,19.08,18.76,19.04,1314500.0
2015-03-10 00:00:00.000000,18.87,19.0,18.69,18.91,1372600.0
2015-03-09 00:00:00.000000,19.13,19.27,19.1,19.13,1074300.0
2015-03-06 00:00:00.000000,19.21,19.37,19.06,19.15,1247300.0
2015-03-05 00:00:00.000000,19.5,19.56,19.25,19.3,872900.0
2015-03-04 00:00:00.000000,19.55,19.58,19.31,19.45,1170900.0
2015-03-03 00:00:00.000000,19.93,20.0,19.6,19.66,1614400.0
2015-03-02 00:00:00.000000,19.42,20.0,19.37,19.97,2104000.0
2015-02-27 00:00:00.000000,19.61,19.62,19.27,19.32,1693000.0
2015-02-26 00:00:00.000000,19.6,19.78,19.54,19.64,1063500.0
2015-02-25 00:00:00.000000,19.84,19.99,19.61,19.63,1561400.0
2015-02-24 00:00:00.000000,19.63,20.07,19.56,20.0,1458000.0
2015-02-23 00:00:00.000000,19.82,19.9,19.58,19.61,1616300.0
2015-02-20 00:00:00.000000,19.47,19.86,19.26,19.83,1598600.0
2015-02-19 00:00:00.000000,19.14,19.58,19.13,19.5,1221800.0
2015-02-18 00:00:00.000000,19.29,19.42,19.18,19.24,1503100.0
2015-02-17 00:00:00.000000,19.39,19.44,19.25,19.3,1292400.0
2015-02-13 00:00:00.000000,19.43,19.66,19.32,19.43,1843200.0
2015-02-12 00:00:00.000000,19.42,19.58,19.37,19.39,2010100.0
2015-02-11 00:00:00.000000,19.5,19.5,19.23,19.32,1007600.0
2015-02-10 00:00:00.000000,19.07,19.5,18.84,19.5,1901400.0
2015-02-09 00:00:00.000000,18.83,19.0,18.73,18.98,1214300.0
2015-02-06 00:00:00.000000,18.91,19.15,18.85,18.94,1323600.0
2015-02-05 00:00:00.000000,18.78,19.0,18.52,18.92,1679200.0
2015-02-04 00:00:00.000000,18.5,18.81,18.47,18.68,1601000.0
2015-02-03 00:00:00.000000,18.13,18.6,18.07,18.59,2128800.0
2015-02-02 00:00:00.000000,18.04,18.2,17.6,17.99,2485400.0
2015-01-30 00:00:00.000000,18.04,18.45,17.9,18.1,2771800.0
2015-01-29 00:00:00.000000,19.24,19.55,18.45,18.62,4947900.0
2015-01-28 00:00:00.000000,19.04,19.28,18.7,18.74,2150100.0
2015-01-27 00:00:00.000000,19.0,19.14,18.8,18.88,1559600.0
2015-01-26 00:00:00.000000,18.94,19.38,18.76,19.36,1686200.0
2015-01-23 00:00:00.000000,19.12,19.2,18.99,19.01,701400.0
2015-01-22 00:00:00.000000,19.0,19.16,18.62,19.15,1865300.0
2015-01-21 00:00:00.000000,18.61,19.13,18.51,18.94,1441100.0
2015-01-20 00:00:00.000000,18.61,18.75,18.37,18.67,1153900.0
2015-01-16 00:00:00.000000,18.06,18.6,18.04,18.58,2064300.0
2015-01-15 00:00:00.000000,18.33,18.54,18.09,18.15,2262600.0
2015-01-14 00:00:00.000000,17.95,18.38,17.95,18.25,2517800.0
2015-01-13 00:00:00.000000,18.66,19.15,17.98,18.18,2993400.0
2015-01-12 00:00:00.000000,18.87,19.17,18.38,18.49,3427800.0
2015-01-09 00:00:00.000000,19.47,19.56,19.17,19.42,745200.0
2015-01-08 00:00:00.000000,19.09,19.54,19.04,19.48,1626800.0
2015-01-07 00:00:00.000000,18.86,18.99,18.71,18.89,902400.0
2015-01-06 00:00:00.000000,19.35,19.41,18.68,18.74,2377700.0
2015-01-05 00:00:00.000000,19.54,19.64,19.32,19.33,1877000.0
2015-01-02 00:00:00.000000,19.92,20.0,19.47,19.7,1030300.0
2014-12-31 00:00:00.000000,20.03,20.14,19.78,19.79,1021600.0
2014-12-30 00:00:00.000000,20.05,20.12,19.86,19.95,941600.0
2014-12-29 00:00:00.000000,20.25,20.28,20.07,20.14,642900.0
2014-12-26 00:00:00.000000,20.4,20.49,20.25,20.28,762700.0
2014-12-24 00:00:00.000000,20.23,20.43,20.13,20.37,518800.0
2014-12-23 00:00:00.000000,20.23,20.38,20.08,20.17,1008700.0
2014-12-22 00:00:00.000000,19.78,20.25,19.77,20.16,1466000.0
2014-12-19 00:00:00.000000,20.04,20.05,19.72,19.83,3138300.0
2014-12-18 00:00:00.000000,19.4,20.08,19.27,20.08,2427900.0
2014-12-17 00:00:00.000000,19.03,19.62,18.89,19.61,1587300.0
2014-12-16 00:00:00.000000,19.04,19.36,18.89,18.96,2067200.0
2014-12-15 00:00:00.000000,19.42,19.67,19.02,19.09,1496300.0
2014-12-12 00:00:00.000000,19.34,19.64,19.3,19.31,999400.0
2014-12-11 00:00:00.000000,19.66,19.92,19.48,19.56,1058600.0
2014-12-10 00:00:00.000000,19.93,20.06,19.48,19.51,1349000.0
2014-12-09 00:00:00.000000,19.44,20.06,19.2,20.03,2086100.0
2014-12-08 00:00:00.000000,20.08,20.2,19.57,19.77,1462300.0
2014-12-05 00:00:00.000000,20.0,20.24,19.96,20.18,1164600.0
2014-12-04 00:00:00.000000,20.2,20.21,19.9,20.0,1758400.0
2014-12-03 00:00:00.000000,19.81,20.26,19.76,20.21,2408400.0
2014-12-02 00:00:00.000000,19.64,19.78,19.52,19.77,1141600.0
2014-12-01 00:00:00.000000,19.69,19.93,19.6,19.63,1636700.0
2014-11-28 00:00:00.000000,20.0,20.0,19.76,19.85,3343700.0
2014-11-26 00:00:00.000000,19.47,19.98,19.44,19.98,1551700.0
2014-11-25 00:00:00.000000,19.75,19.84,19.49,19.5,1824900.0
2014-11-24 00:00:00.000000,19.44,19.75,19.34,19.75,1671700.0
2014-11-21 00:00:00.000000,19.37,19.47,19.16,19.44,1199100.0
2014-11-20 00:00:00.000000,18.93,19.22,18.93,19.14,1471200.0
2014-11-19 00:00:00.000000,19.2,19.24,18.78,19.08,2099800.0
2014-11-18 00:00:00.000000,18.86,19.36,18.84,19.2,1848900.0
2014-11-17 00:00:00.000000,19.05,19.05,18.64,18.79,1350500.0
2014-11-14 00:00:00.000000,18.82,19.13,18.79,19.08,1723100.0
2014-11-13 00:00:00.000000,19.29,19.39,18.74,18.87,2369900.0
2014-11-12 00:00:00.000000,18.99,19.24,18.97,19.23,1373300.0
2014-11-11 00:00:00.000000,19.17,19.23,18.99,19.05,1184800.0
2014-11-10 00:00:00.000000,19.07,19.26,18.98,19.19,2316300.0
2014-11-07 00:00:00.000000,19.37,19.4,18.87,19.04,4760600.0
2014-11-06 00:00:00.000000,19.02,19.34,18.97,19.3,3445200.0
2014-11-05 00:00:00.000000,18.63,19.1,18.41,19.1,4467600.0
2014-11-04 00:00:00.000000,18.5,18.59,18.33,18.46,1935700.0
2014-11-03 00:00:00.000000,18.4,18.73,18.4,18.49,2157800.0
2014-10-31 00:00:00.000000,18.16,18.42,18.11,18.4,1811900.0
2014-10-30 00:00:00.000000,17.75,17.91,17.43,17.79,2969200.0
2014-10-29 00:00:00.000000,17.89,18.08,17.66,17.82,2641400.0
2014-10-28 00:00:00.000000,17.89,18.03,17.75,17.93,2922500.0
2014-10-27 00:00:00.000000,17.84,17.92,17.47,17.8,2957500.0
2014-10-24 00:00:00.000000,17.95,18.58,17.95,18.11,3793800.0
2014-10-23 00:00:00.000000,16.93,18.17,16.86,17.82,5559400.0
2014-10-22 00:00:00.000000,17.86,17.95,17.33,17.38,3845000.0
2014-10-21 00:00:00.000000,17.48,17.89,17.4,17.83,3848100.0
2014-10-20 00:00:00.000000,16.85,17.41,16.72,17.31,3326100.0
2014-10-17 00:00:00.000000,17.02,17.11,16.72,16.79,2312400.0
2014-10-16 00:00:00.000000,16.17,16.99,16.11,16.77,3642900.0
2014-10-15 00:00:00.000000,16.14,16.68,16.02,16.53,4632700.0
2014-10-14 00:00:00.000000,16.34,16.73,16.23,16.42,3731700.0
2014-10-13 00:00:00.000000,16.56,16.77,16.15,16.16,4662300.0
2014-10-10 00:00:00.000000,17.74,17.78,16.52,16.53,6192600.0
2014-10-09 00:00:00.000000,18.58,18.59,17.94,17.97,2718800.0
2014-10-08 00:00:00.000000,18.14,18.67,17.89,18.66,3992900.0
2014-10-07 00:00:00.000000,18.37,18.52,18.08,18.09,2335200.0
2014-10-06 00:00:00.000000,18.48,18.61,18.31,18.43,2918400.0
2014-10-03 00:00:00.000000,18.61,18.77,18.3,18.35,4223500.0
2014-10-02 00:00:00.000000,18.72,18.9,18.51,18.74,2701300.0
2014-10-01 00:00:00.000000,19.33,19.35,18.75,18.77,3772800.0
2014-09-30 00:00:00.000000,19.56,19.57,19.1,19.39,2959300.0
2014-09-29 00:00:00.000000,19.31,19.77,19.24,19.61,2117800.0
2014-09-26 00:00:00.000000,19.63,19.69,19.41,19.55,2076100.0
2014-09-25 00:00:00.000000,19.54,19.7,18.94,19.51,4438500.0
2014-09-24 00:00:00.000000,19.71,19.92,19.5,19.88,2478400.0
2014-09-23 00:00:00.000000,20.02,20.13,19.64,19.66,2426500.0
2014-09-22 00:00:00.000000,20.36,20.38,20.07,20.16,1792000.0
2014-09-19 00:00:00.000000,20.76,20.79,20.33,20.47,2288200.0
2014-09-18 00:00:00.000000,20.66,20.83,20.55,20.72,1159500.0
2014-09-17 00:00:00.000000,20.7,20.88,20.53,20.57,2036900.0
2014-09-16 00:00:00.000000,20.12,20.7,20.09,20.66,3431900.0
2014-09-15 00:00:00.000000,20.31,20.38,20.08,20.2,1923100.0
2014-09-12 00:00:00.000000,20.5,20.54,20.24,20.26,2296500.0
2014-09-11 00:00:00.000000,19.94,20.58,19.9,20.57,4767100.0
2014-09-10 00:00:00.000000,20.12,20.25,20.0,20.01,1853100.0
2014-09-09 00:00:00.000000,20.03,20.44,19.98,20.12,3197800.0
2014-09-08 00:00:00.000000,20.2,20.43,19.99,20.03,2273700.0
2014-09-05 00:00:00.000000,20.15,20.23,19.91,20.21,1995300.0
2014-09-04 00:00:00.000000,20.33,20.37,20.02,20.13,2784700.0
2014-09-03 00:00:00.000000,20.61,20.63,20.35,20.36,1942300.0
2014-09-02 00:00:00.000000,20.6,20.81,20.37,20.57,2177400.0
2014-08-29 00:00:00.000000,20.35,20.6,20.3,20.59,1778000.0
2014-08-28 00:00:00.000000,20.15,20.34,20.03,20.3,1751000.0
2014-08-27 00:00:00.000000,20.21,20.3,20.18,20.23,1496900.0
2014-08-26 00:00:00.000000,20.15,20.32,20.1,20.24,2055100.0
2014-08-25 00:00:00.000000,20.24,20.25,19.95,20.08,1915100.0
2014-08-22 00:00:00.000000,20.07,20.32,20.0,20.14,3533400.0
2014-08-21 00:00:00.000000,19.94,20.35,19.88,20.13,3716700.0
2014-08-20 00:00:00.000000,19.48,20.19,19.48,19.95,4074900.0
2014-08-19 00:00:00.000000,19.41,19.71,19.4,19.56,1638900.0
2014-08-18 00:00:00.000000,19.28,19.5,19.22,19.38,2668900.0
2014-08-15 00:00:00.000000,19.17,19.26,18.93,19.13,3353800.0
2014-08-14 00:00:00.000000,18.87,19.19,18.73,18.96,2514700.0
2014-08-13 00:00:00.000000,18.82,18.94,18.71,18.84,1381000.0
2014-08-12 00:00:00.000000,18.72,18.83,18.56,18.77,1519600.0
2014-08-11 00:00:00.000000,18.79,19.0,18.73,18.73,1635500.0
2014-08-08 00:00:00.000000,18.5,18.72,18.4,18.71,1422600.0
2014-08-07 00:00:00.000000,18.84,18.84,18.47,18.51,2407200.0
2014-08-06 00:00:00.000000,18.43,18.84,18.43,18.76,2069700.0
2014-08-05 00:00:00.000000,18.37,18.77,18.32,18.57,3096900.0
2014-08-04 00:00:00.000000,18.34,18.56,18.17,18.54,3632400.0
2014-08-01 00:00:00.000000,18.2,18.37,18.02,18.27,2227800.0
2014-07-31 00:00:00.000000,18.57,18.72,18.19,18.22,3266900.0
2014-07-30 00:00:00.000000,18.81,18.81,18.52,18.7,2262700.0
2014-07-29 00:00:00.000000,18.78,18.89,18.54,18.66,5229800.0
2014-07-28 00:00:00.000000,18.28,18.79,18.16,18.68,6087000.0
2014-07-25 00:00:00.000000,18.06,18.37,17.74,18.29,6485400.0
2014-07-24 00:00:00.000000,19.24,19.24,18.02,18.12,9243900.0
2014-07-23 00:00:00.000000,19.84,19.85,19.23,19.26,2843900.0
2014-07-22 00:00:00.000000,19.85,19.91,19.78,19.84,1953200.0
2014-07-21 00:00:00.000000,19.6,19.81,19.5,19.7,2532500.0
2014-07-18 00:00:00.000000,19.52,19.7,19.48,19.6,2104300.0
2014-07-17 00:00:00.000000,19.73,19.75,19.4,19.46,3016600.0
2014-07-16 00:00:00.000000,19.92,20.0,19.75,19.78,1974700.0
2014-07-15 00:00:00.000000,20.01,20.06,19.7,19.84,1287600.0
2014-07-14 00:00:00.000000,20.04,20.09,19.83,20.0,1306000.0
2014-07-11 00:00:00.000000,19.98,20.1,19.89,19.91,1235400.0
2014-07-10 00:00:00.000000,19.7,20.14,19.55,20.0,1363500.0
2014-07-09 00:00:00.000000,19.92,20.12,19.77,19.98,1790300.0
2014-07-08 00:00:00.000000,19.93,19.97,19.63,19.91,1962300.0
2014-07-07 00:00:00.000000,20.03,20.1,19.91,20.02,1429000.0
2014-07-03 00:00:00.000000,19.94,20.23,19.91,20.01,1760300.0
2014-07-02 00:00:00.000000,19.74,19.98,19.74,19.9,1614700.0
2014-07-01 00:00:00.000000,19.61,19.92,19.61,19.78,2725600.0
2014-06-30 00:00:00.000000,19.42,19.61,19.42,19.6,2244700.0
2014-06-27 00:00:00.000000,19.29,19.49,19.25,19.45,2360400.0
2014-06-26 00:00:00.000000,19.37,19.37,19.04,19.28,1247300.0
2014-06-25 00:00:00.000000,19.27,19.37,19.11,19.33,2009400.0
2014-06-24 00:00:00.000000,19.59,19.79,19.3,19.34,3585800.0
2014-06-23 00:00:00.000000,19.38,19.63,19.36,19.61,2142600.0
2014-06-20 00:00:00.000000,19.17,19.42,18.99,19.42,3280500.0
2014-06-19 00:00:00.000000,19.23,19.23,19.05,19.17,1475600.0
2014-06-18 00:00:00.000000,19.16,19.16,18.85,19.14,1714700.0
2014-06-17 00:00:00.000000,19.1,19.29,19.0,19.11,2920400.0
2014-06-16 00:00:00.000000,19.14,19.26,18.96,19.11,2365900.0
2014-06-13 00:00:00.000000,19.19,19.38,19.06,19.12,1007100.0
2014-06-12 00:00:00.000000,19.17,19.34,19.01,19.11,956900.0
2014-06-11 00:00:00.000000,19.19,19.23,18.99,19.22,3304100.0
2014-06-10 00:00:00.000000,18.99,19.29,18.96,19.25,3200000.0
2014-06-09 00:00:00.000000,18.88,19.11,18.84,19.05,2192300.0
2014-06-06 00:00:00.000000,18.59,18.9,18.57,18.89,1868400.0
2014-06-05 00:00:00.000000,18.3,18.64,18.23,18.52,1710300.0
2014-06-04 00:00:00.000000,18.48,18.59,18.28,18.41,3238200.0
2014-06-03 00:00:00.000000,17.94,18.15,17.84,18.03,931600.0
2014-06-02 00:00:00.000000,17.84,18.01,17.77,17.96,1200800.0
2014-05-30 00:00:00.000000,17.95,17.99,17.76,17.8,1997900.0
2014-05-29 00:00:00.000000,18.0,18.03,17.86,17.94,936000.0
2014-05-28 00:00:00.000000,18.02,18.06,17.84,17.94,1645500.0
2014-05-27 00:00:00.000000,18.06,18.17,17.93,17.98,2519000.0
2014-05-23 00:00:00.000000,18.0,18.1,17.89,17.94,994200.0
2014-05-22 00:00:00.000000,17.95,18.22,17.92,18.01,1373500.0
2014-05-21 00:00:00.000000,17.83,18.03,17.8,17.96,1583300.0
2014-05-20 00:00:00.000000,17.93,17.95,17.66,17.77,1489800.0
2014-05-19 00:00:00.000000,17.76,18.11,17.75,17.98,1732600.0
2014-05-16 00:00:00.000000,17.65,17.88,17.54,17.81,1324000.0
2014-05-15 00:00:00.000000,17.78,17.9,17.34,17.6,3097300.0
2014-05-14 00:00:00.000000,17.85,17.93,17.72,17.78,1888500.0
2014-05-13 00:00:00.000000,18.0,18.03,17.8,17.89,2235400.0
2014-05-12 00:00:00.000000,17.8,18.12,17.76,18.02,1010800.0
2014-05-09 00:00:00.000000,17.57,17.7,17.43,17.67,1942300.0
2014-05-08 00:00:00.000000,17.59,17.97,17.45,17.62,2162500.0
2014-05-07 00:00:00.000000,17.54,17.67,17.37,17.63,2338500.0
2014-05-06 00:00:00.000000,17.69,17.86,17.61,17.64,2100100.0
2014-05-05 00:00:00.000000,17.66,17.87,17.51,17.74,1622700.0
2014-05-02 00:00:00.000000,17.56,17.95,17.44,17.76,2395400.0
2014-05-01 00:00:00.000000,17.65,17.74,17.47,17.57,3407300.0
2014-04-30 00:00:00.000000,17.51,17.75,17.4,17.67,2255200.0
2014-04-29 00:00:00.000000,17.53,17.74,17.31,17.58,3245300.0
2014-04-28 00:00:00.000000,17.33,17.47,16.95,17.3,3801400.0
2014-04-25 00:00:00.000000,18.11,18.11,17.22,17.32,7192300.0
2014-04-24 00:00:00.000000,19.24,19.32,18.12,18.24,7295700.0
2014-04-23 00:00:00.000000,19.45,19.46,19.09,19.18,1937800.0
2014-04-22 00:00:00.000000,19.05,19.52,18.93,19.38,1673200.0
2014-04-21 00:00:00.000000,19.13,19.13,18.79,19.03,1371600.0
2014-04-17 00:00:00.000000,18.9,19.22,18.73,19.04,2207500.0
2014-04-16 00:00:00.000000,18.73,18.82,18.21,18.79,3396500.0
2014-04-15 00:00:00.000000,18.66,18.88,18.3,18.75,3776200.0
2014-04-14 00:00:00.000000,19.0,19.08,18.47,18.6,2677700.0
2014-04-11 00:00:00.000000,19.15,19.3,18.8,18.89,1821400.0
2014-04-10 00:00:00.000000,19.76,19.92,19.01,19.02,2518900.0
2014-04-09 00:00:00.000000,19.54,19.77,19.26,19.74,1341600.0
2014-04-08 00:00:00.000000,19.39,19.68,19.27,19.46,1726700.0
2014-04-07 00:00:00.000000,19.69,19.81,19.23,19.43,1918300.0
2014-04-04 00:00:00.000000,20.49,20.57,19.64,19.77,3379700.0
2014-04-03 00:00:00.000000,20.35,20.72,20.26,20.37,2227900.0
2014-04-02 00:00:00.000000,20.09,20.56,19.98,20.34,2734800.0
2014-04-01 00:00:00.000000,19.97,20.09,19.73,20.07,2162500.0
2014-03-31 00:00:00.000000,19.66,19.98,19.59,19.89,1307900.0
2014-03-28 00:00:00.000000,19.35,19.71,19.34,19.52,1806700.0
2014-03-27 00:00:00.000000,19.66,19.71,19.14,19.38,3075100.0
2014-03-26 00:00:00.000000,20.2,20.41,19.7,19.71,1721400.0
2014-03-25 00:00:00.000000,20.06,20.46,19.84,20.13,2813400.0
2014-03-24 00:00:00.000000,20.17,20.32,19.81,19.94,1312200.0
2014-03-21 00:00:00.000000,20.37,20.43,20.08,20.15,2728900.0
2014-03-20 00:00:00.000000,19.64,20.26,19.54,20.21,2120100.0
2014-03-19 00:00:00.000000,19.83,19.87,19.5,19.62,1611200.0
2014-03-18 00:00:00.000000,19.42,19.87,19.37,19.84,1713400.0
2014-03-17 00:00:00.000000,19.38,19.52,19.36,19.41,2026800.0
2014-03-14 00:00:00.000000,19.25,19.41,19.18,19.28,1629000.0
2014-03-13 00:00:00.000000,19.63,19.8,19.07,19.25,3558700.0
2014-03-12 00:00:00.000000,19.52,19.72,19.31,19.69,2694400.0
2014-03-11 00:00:00.000000,19.6,19.82,19.41,19.61,2797600.0
2014-03-10 00:00:00.000000,20.25,20.27,19.65,19.65,2387200.0
2014-03-07 00:00:00.000000,19.91,20.24,19.91,20.23,3086400.0
2014-03-06 00:00:00.000000,19.95,19.98,19.7,19.85,3237600.0
2014-03-05 00:00:00.000000,20.07,20.1,19.89,19.91,2565200.0
2014-03-04 00:00:00.000000,20.14,20.16,19.94,20.06,2650300.0
2014-03-03 00:00:00.000000,20.02,20.13,19.76,19.93,2527800.0
2014-02-28 00:00:00.000000,20.15,20.52,20.05,20.28,3559300.0
2014-02-27 00:00:00.000000,20.1,20.28,20.06,20.17,2685800.0
2014-02-26 00:00:00.000000,20.08,20.43,19.96,20.09,3966900.0
2014-02-25 00:00:00.000000,20.15,20.17,19.83,20.02,3182000.0
2014-02-24 00:00:00.000000,20.24,20.41,20.12,20.19,5540600.0
2014-02-21 00:00:00.000000,20.5,20.54,20.17,20.23,3753300.0
2014-02-20 00:00:00.000000,20.15,20.49,20.09,20.46,4977700.0
2014-02-19 00:00:00.000000,19.76,20.25,19.75,20.13,4744500.0
2014-02-18 00:00:00.000000,19.96,19.97,19.74,19.82,3212800.0
2014-02-14 00:00:00.000000,19.27,19.91,19.2,19.87,5135900.0
2014-02-13 00:00:00.000000,19.09,19.26,18.82,19.25,5908800.0
2014-02-12 00:00:00.000000,19.47,19.55,19.18,19.23,2945900.0
2014-02-11 00:00:00.000000,19.07,19.51,19.03,19.33,4711400.0
2014-02-10 00:00:00.000000,19.01,19.07,18.86,19.03,1900100.0
2014-02-07 00:00:00.000000,18.93,19.11,18.79,19.07,2609500.0
2014-02-06 00:00:00.000000,18.78,19.05,18.73,18.87,3042300.0
2014-02-05 00:00:00.000000,18.37,18.82,18.14,18.72,3680400.0
2014-02-04 00:00:00.000000,18.42,18.44,18.26,18.41,2224900.0
2014-02-03 00:00:00.000000,18.77,18.83,18.2,18.3,4257000.0
2014-01-31 00:00:00.000000,18.95,19.05,18.78,18.81,2501200.0
2014-01-30 00:00:00.000000,19.02,19.14,18.81,19.09,2839800.0
2014-01-29 00:00:00.000000,18.89,19.24,18.78,18.84,4115300.0
2014-01-28 00:00:00.000000,19.0,19.36,18.9,19.19,3909000.0
2014-01-27 00:00:00.000000,19.2,19.2,18.79,18.92,3793800.0
2014-01-24 00:00:00.000000,19.64,19.64,19.11,19.16,4651600.0
2014-01-23 00:00:00.000000,19.53,20.17,19.49,19.68,8111800.0
2014-01-22 00:00:00.000000,19.14,19.73,19.13,19.58,6336600.0
2014-01-21 00:00:00.000000,19.55,19.66,19.13,19.19,5233400.0
2014-01-17 00:00:00.000000,19.36,19.69,19.34,19.49,3268900.0
2014-01-16 00:00:00.000000,19.75,19.96,19.42,19.52,5855500.0
2014-01-15 00:00:00.000000,19.31,19.8,19.28,19.75,7453400.0
2014-01-14 00:00:00.000000,18.57,19.0,18.5,18.98,5330500.0
2014-01-13 00:00:00.000000,18.06,18.62,18.06,18.2,5474200.0
2014-01-10 00:00:00.000000,18.04,18.15,17.81,18.09,2151100.0
2014-01-09 00:00:00.000000,17.97,18.24,17.85,17.98,4228000.0
2014-01-08 00:00:00.000000,17.78,18.08,17.59,17.96,3197700.0
2014-01-07 00:00:00.000000,17.62,17.82,17.5,17.73,1695200.0
2014-01-06 00:00:00.000000,17.59,17.67,17.36,17.58,2276700.0
2014-01-03 00:00:00.000000,17.59,17.7,17.5,17.56,1947600.0
2014-01-02 00:00:00.000000,17.44,17.66,17.37,17.63,2665800.0
2013-12-31 00:00:00.000000,17.59,17.68,17.48,17.62,1180100.0
2013-12-30 00:00:00.000000,17.4,17.61,17.4,17.55,1299200.0
2013-12-27 00:00:00.000000,17.25,17.55,17.17,17.4,1621600.0
2013-12-26 00:00:00.000000,17.4,17.49,17.28,17.29,1231300.0
2013-12-24 00:00:00.000000,17.24,17.5,17.17,17.37,1463200.0
2013-12-23 00:00:00.000000,16.9,17.23,16.78,17.2,2949300.0
2013-12-20 00:00:00.000000,16.51,16.84,16.46,16.73,24930800.0
2013-12-19 00:00:00.000000,16.67,16.81,16.52,16.57,3890500.0
2013-12-18 00:00:00.000000,16.77,16.91,16.54,16.69,4055100.0
2013-12-17 00:00:00.000000,16.5,16.85,16.45,16.8,2031700.0
2013-12-16 00:00:00.000000,16.43,16.61,16.33,16.45,3134000.0
2013-12-13 00:00:00.000000,16.38,16.5,16.28,16.39,2592800.0
2013-12-12 00:00:00.000000,16.64,16.67,16.21,16.36,5143400.0
2013-12-11 00:00:00.000000,17.07,17.1,16.83,16.84,1551800.0
2013-12-10 00:00:00.000000,17.05,17.21,16.94,17.03,1078700.0
2013-12-09 00:00:00.000000,17.15,17.34,17.09,17.12,2031500.0
2013-12-06 00:00:00.000000,16.95,17.24,16.93,17.1,1440300.0
2013-12-05 00:00:00.000000,16.77,16.98,16.75,16.79,1676600.0
2013-12-04 00:00:00.000000,16.81,16.97,16.65,16.8,2872500.0
2013-12-03 00:00:00.000000,16.88,17.13,16.85,16.91,1687200.0
2013-12-02 00:00:00.000000,17.03,17.07,16.8,16.93,2441900.0
2013-11-29 00:00:00.000000,17.19,17.23,17.0,17.03,615200.0
2013-11-27 00:00:00.000000,17.04,17.16,16.95,17.09,1567800.0
2013-11-26 00:00:00.000000,16.99,17.24,16.99,17.05,2380300.0
2013-11-25 00:00:00.000000,16.86,17.05,16.63,16.97,4191200.0
2013-11-22 00:00:00.000000,16.72,16.97,16.63,16.84,1628200.0
2013-11-21 00:00:00.000000,16.59,16.77,16.51,16.69,1267700.0
2013-11-20 00:00:00.000000,16.66,16.79,16.46,16.54,1078400.0
2013-11-19 00:00:00.000000,17.01,17.07,16.58,16.6,1513800.0
2013-11-18 00:00:00.000000,17.12,17.21,16.92,16.99,1487100.0
2013-11-15 00:00:00.000000,17.08,17.12,16.9,17.1,1766900.0
2013-11-14 00:00:00.000000,17.27,17.32,16.86,17.04,2408000.0
2013-11-13 00:00:00.000000,17.11,17.39,17.07,17.31,1334900.0
2013-11-12 00:00:00.000000,17.09,17.19,16.99,17.18,1345300.0
2013-11-11 00:00:00.000000,17.17,17.22,16.99,17.14,1076300.0
2013-11-08 00:00:00.000000,16.98,17.26,16.9,17.26,1188200.0
2013-11-07 00:00:00.000000,17.3,17.37,16.91,16.94,1605300.0
2013-11-06 00:00:00.000000,17.44,17.44,17.2,17.29,1082900.0
2013-11-05 00:00:00.000000,17.34,17.44,17.14,17.32,1637600.0
2013-11-04 00:00:00.000000,17.49,17.5,17.26,17.41,1273300.0
2013-11-01 00:00:00.000000,17.56,17.68,17.27,17.48,2367400.0
2013-10-31 00:00:00.000000,17.56,17.74,17.41,17.49,3980700.0
2013-10-30 00:00:00.000000,17.78,17.9,17.42,17.55,2258200.0
2013-10-29 00:00:00.000000,17.31,17.8,17.29,17.78,3404900.0
2013-10-28 00:00:00.000000,17.35,17.35,17.13,17.23,2853200.0
2013-10-25 00:00:00.000000,16.65,17.35,16.65,17.32,4871400.0
2013-10-24 00:00:00.000000,16.18,17.28,16.1,16.76,7405800.0
2013-10-23 00:00:00.000000,16.61,16.61,16.07,16.34,3396200.0
2013-10-22 00:00:00.000000,17.01,17.07,16.6,16.67,2399600.0
2013-10-21 00:00:00.000000,17.01,17.07,16.87,16.97,965800.0
2013-10-18 00:00:00.000000,16.94,17.04,16.8,17.0,1838900.0
2013-10-17 00:00:00.000000,16.66,16.9,16.55,16.86,1264500.0
2013-10-16 00:00:00.000000,16.68,16.83,16.63,16.78,1143200.0
2013-10-15 00:00:00.000000,16.71,16.89,16.56,16.58,1915600.0
2013-10-14 00:00:00.000000,16.59,17.04,16.58,16.95,2217700.0
2013-10-11 00:00:00.000000,16.28,16.78,16.23,16.74,2449100.0
2013-10-10 00:00:00.000000,16.23,16.51,16.23,16.45,1868700.0
2013-10-09 00:00:00.000000,15.91,16.16,15.76,16.01,2647100.0
2013-10-08 00:00:00.000000,16.07,16.16,15.8,15.85,3108900.0
2013-10-07 00:00:00.000000,15.85,16.16,15.75,16.06,3270800.0
2013-10-04 00:00:00.000000,15.93,16.11,15.77,16.09,2818000.0
2013-10-03 00:00:00.000000,16.15,16.18,15.79,15.91,3080500.0
2013-10-02 00:00:00.000000,16.39,16.54,16.22,16.27,2394300.0
2013-10-01 00:00:00.000000,16.49,16.71,16.37,16.53,2006800.0
2013-09-30 00:00:00.000000,16.52,16.6,16.28,16.52,2217200.0
2013-09-27 00:00:00.000000,16.4,16.75,16.32,16.71,2694400.0
2013-09-26 00:00:00.000000,16.53,16.62,16.39,16.46,2894900.0
2013-09-25 00:00:00.000000,16.49,16.64,16.25,16.52,3190400.0
2013-09-24 00:00:00.000000,16.36,16.69,16.23,16.55,4335600.0
2013-09-23 00:00:00.000000,16.35,16.41,16.11,16.28,2147700.0
2013-09-20 00:00:00.000000,16.38,16.44,16.27,16.35,3682700.0
2013-09-19 00:00:00.000000,16.35,16.45,16.25,16.35,2452800.0
2013-09-18 00:00:00.000000,16.25,16.32,16.11,16.28,1801500.0
2013-09-17 00:00:00.000000,16.3,16.35,16.18,16.23,1620100.0
2013-09-16 00:00:00.000000,16.29,16.32,16.14,16.21,1641600.0
2013-09-13 00:00:00.000000,16.2,16.27,16.0,16.12,1540700.0
2013-09-12 00:00:00.000000,16.37,16.37,16.15,16.17,2160600.0
2013-09-11 00:00:00.000000,16.28,16.42,16.12,16.37,2254500.0
2013-09-10 00:00:00.000000,16.25,16.44,16.2,16.37,1875500.0
2013-09-09 00:00:00.000000,15.98,16.22,15.95,16.16,1662700.0
2013-09-06 00:00:00.000000,16.05,16.08,15.77,15.91,1761700.0
2013-09-05 00:00:00.000000,15.86,16.08,15.8,16.02,1602500.0
2013-09-04 00:00:00.000000,15.48,15.91,15.3,15.87,1547100.0
2013-09-03 00:00:00.000000,15.57,15.72,15.28,15.45,1369200.0
2013-08-30 00:00:00.000000,15.51,15.51,15.22,15.35,1489300.0
2013-08-29 00:00:00.000000,15.26,15.53,15.25,15.45,1642700.0
2013-08-28 00:00:00.000000,15.32,15.45,15.22,15.29,2088700.0
2013-08-27 00:00:00.000000,15.57,15.6,15.3,15.33,2049300.0
2013-08-26 00:00:00.000000,15.87,15.95,15.76,15.76,1608000.0
2013-08-23 00:00:00.000000,15.9,15.97,15.8,15.9,1125000.0
2013-08-22 00:00:00.000000,15.64,15.85,15.62,15.82,1065000.0
2013-08-21 00:00:00.000000,15.69,15.79,15.51,15.59,1449800.0
2013-08-20 00:00:00.000000,15.69,15.81,15.61,15.73,2345900.0
2013-08-19 00:00:00.000000,15.99,16.02,15.64,15.67,1946300.0
2013-08-16 00:00:00.000000,15.95,16.17,15.93,15.98,1915200.0
2013-08-15 00:00:00.000000,16.29,16.29,15.96,15.96,1887500.0
2013-08-14 00:00:00.000000,16.53,16.67,16.44,16.48,1344600.0
2013-08-13 00:00:00.000000,16.48,16.59,16.36,16.57,1891700.0
2013-08-12 00:00:00.000000,16.11,16.54,16.06,16.49,2199100.0
2013-08-09 00:00:00.000000,16.09,16.19,16.04,16.18,1711600.0
2013-08-08 00:00:00.000000,16.35,16.42,16.15,16.16,1230800.0
2013-08-07 00:00:00.000000,16.27,16.34,16.1,16.21,1897000.0
2013-08-06 00:00:00.000000,16.46,16.6,16.26,16.35,3009700.0
2013-08-05 00:00:00.000000,16.55,16.63,16.42,16.47,2166300.0
2013-08-02 00:00:00.000000,16.67,16.67,16.41,16.61,2236200.0
2013-08-01 00:00:00.000000,16.65,16.91,16.59,16.9,2829000.0
2013-07-31 00:00:00.000000,16.62,16.63,16.4,16.49,2919200.0
2013-07-30 00:00:00.000000,16.53,16.7,16.45,16.61,1924600.0
2013-07-29 00:00:00.000000,16.52,16.65,16.21,16.4,3266500.0
2013-07-26 00:00:00.000000,16.58,16.71,16.58,16.59,3076200.0
2013-07-25 00:00:00.000000,16.6,17.15,15.55,16.64,11094900.0
2013-07-24 00:00:00.000000,17.84,17.84,17.18,17.29,2745200.0
2013-07-23 00:00:00.000000,17.97,18.05,17.66,17.71,1396200.0
2013-07-22 00:00:00.000000,17.83,17.92,17.66,17.88,2061000.0
2013-07-19 00:00:00.000000,17.76,17.85,17.45,17.85,2392100.0
2013-07-18 00:00:00.000000,18.0,18.03,17.76,17.8,2152400.0
2013-07-17 00:00:00.000000,18.07,18.1,17.73,18.0,2569300.0
2013-07-16 00:00:00.000000,18.07,18.21,17.97,17.99,2205900.0
2013-07-15 00:00:00.000000,18.57,18.57,17.86,18.06,4028500.0
2013-07-12 00:00:00.000000,18.55,18.59,18.4,18.54,1365800.0
2013-07-11 00:00:00.000000,18.54,18.73,18.34,18.56,3504800.0
2013-07-10 00:00:00.000000,17.51,18.42,17.49,18.36,5154900.0
2013-07-09 00:00:00.000000,17.54,17.72,17.46,17.48,2396700.0
2013-07-08 00:00:00.000000,17.64,17.7,17.37,17.47,1896000.0
2013-07-05 00:00:00.000000,17.38,17.59,17.31,17.56,1232700.0
2013-07-03 00:00:00.000000,17.06,17.33,16.99,17.26,883900.0
2013-07-02 00:00:00.000000,17.41,17.54,16.97,17.17,2830200.0
2013-07-01 00:00:00.000000,17.7,17.72,17.21,17.41,2462500.0
2013-06-28 00:00:00.000000,17.36,17.68,17.16,17.57,2832600.0
2013-06-27 00:00:00.000000,17.38,17.53,17.31,17.43,1688400.0
2013-06-26 00:00:00.000000,17.21,17.3,16.98,17.24,1949900.0
2013-06-25 00:00:00.000000,16.77,17.03,16.62,17.01,1760100.0
2013-06-24 00:00:00.000000,16.69,16.71,16.27,16.56,2209000.0
2013-06-21 00:00:00.000000,17.14,17.14,16.73,16.94,2494700.0
2013-06-20 00:00:00.000000,17.22,17.27,16.89,17.01,2901200.0
2013-06-19 00:00:00.000000,17.81,17.9,17.48,17.53,1573900.0
2013-06-18 00:00:00.000000,17.77,17.86,17.73,17.82,926300.0
2013-06-17 00:00:00.000000,17.51,17.77,17.47,17.64,1769400.0
2013-06-14 00:00:00.000000,17.57,17.61,17.26,17.34,1013700.0
2013-06-13 00:00:00.000000,17.15,17.62,17.03,17.6,1671600.0
2013-06-12 00:00:00.000000,17.71,17.75,17.14,17.2,1621900.0
2013-06-11 00:00:00.000000,17.62,17.8,17.48,17.55,1791800.0
2013-06-10 00:00:00.000000,17.87,17.93,17.69,17.87,1649900.0
2013-06-07 00:00:00.000000,17.55,17.9,17.44,17.86,2343300.0
2013-06-06 00:00:00.000000,17.64,17.73,17.21,17.43,2818500.0
2013-06-05 00:00:00.000000,17.72,17.84,17.52,17.61,2078500.0
2013-06-04 00:00:00.000000,18.02,18.3,17.68,17.8,2553900.0
2013-06-03 00:00:00.000000,18.46,18.57,17.64,18.03,3992000.0
2013-05-31 00:00:00.000000,17.78,18.26,17.72,17.94,2862900.0
2013-05-30 00:00:00.000000,17.47,18.09,17.47,17.83,3353300.0
2013-05-29 00:00:00.000000,17.37,17.53,17.3,17.41,1148400.0
2013-05-28 00:00:00.000000,17.46,17.59,17.37,17.52,1607600.0
2013-05-24 00:00:00.000000,16.94,17.23,16.92,17.18,1515700.0
2013-05-23 00:00:00.000000,17.06,17.17,16.88,17.05,3208100.0
2013-05-22 00:00:00.000000,17.71,17.77,17.15,17.28,7249700.0
2013-05-21 00:00:00.000000,17.75,17.88,17.67,17.72,1995100.0
2013-05-20 00:00:00.000000,17.68,17.8,17.59,17.69,1786500.0
2013-05-17 00:00:00.000000,17.39,17.74,17.39,17.71,1745000.0
2013-05-16 00:00:00.000000,17.45,17.76,17.26,17.29,2564900.0
2013-05-15 00:00:00.000000,16.73,17.69,16.72,17.48,5627900.0
2013-05-14 00:00:00.000000,16.63,16.79,16.53,16.77,1236800.0
2013-05-13 00:00:00.000000,16.87,16.9,16.53,16.64,2038200.0
2013-05-10 00:00:00.000000,16.66,16.98,16.55,16.97,2499000.0
2013-05-09 00:00:00.000000,16.52,16.77,16.52,16.64,1784200.0
2013-05-08 00:00:00.000000,16.52,16.64,16.39,16.58,1670800.0
2013-05-07 00:00:00.000000,16.59,16.62,16.41,16.57,1277400.0
2013-05-06 00:00:00.000000,16.4,16.67,16.33,16.54,1775000.0
2013-05-03 00:00:00.000000,16.36,16.67,16.28,16.39,2720400.0
2013-05-02 00:00:00.000000,16.14,16.23,15.93,16.15,2873800.0
2013-05-01 00:00:00.000000,16.32,16.39,16.07,16.11,2535600.0
2013-04-30 00:00:00.000000,16.36,16.56,16.2,16.44,2586500.0
2013-04-29 00:00:00.000000,16.37,16.57,16.26,16.42,2728900.0
2013-04-26 00:00:00.000000,16.31,16.59,15.84,16.36,7032000.0
2013-04-25 00:00:00.000000,15.42,16.64,15.42,16.06,6678900.0
2013-04-24 00:00:00.000000,14.84,14.98,14.75,14.84,2772000.0
2013-04-23 00:00:00.000000,14.75,14.95,14.59,14.85,2443400.0
2013-04-22 00:00:00.000000,14.51,14.68,14.2,14.57,2806700.0
2013-04-19 00:00:00.000000,14.39,14.46,14.05,14.45,3317100.0
2013-04-18 00:00:00.000000,14.51,14.67,14.11,14.3,4686900.0
2013-04-17 00:00:00.000000,15.16,15.16,14.36,14.43,5028000.0
2013-04-16 00:00:00.000000,15.1,15.4,14.96,15.36,2563900.0
2013-04-15 00:00:00.000000,15.35,15.35,14.92,14.94,2561600.0
2013-04-12 00:00:00.000000,15.77,15.85,15.2,15.47,3195900.0
2013-04-11 00:00:00.000000,15.91,16.05,15.78,15.89,1398700.0
2013-04-10 00:00:00.000000,15.6,16.02,15.6,15.97,1934600.0
2013-04-09 00:00:00.000000,15.63,15.74,15.37,15.58,1916500.0
2013-04-08 00:00:00.000000,15.3,15.62,15.11,15.58,2311500.0
2013-04-05 00:00:00.000000,15.09,15.35,14.86,15.31,2436800.0
2013-04-04 00:00:00.000000,15.23,15.42,15.13,15.35,2402000.0
2013-04-03 00:00:00.000000,15.52,15.54,15.11,15.25,2147700.0
2013-04-02 00:00:00.000000,15.9,15.94,15.36,15.46,3211900.0
2013-04-01 00:00:00.000000,16.25,16.25,15.81,15.84,1702300.0
2013-03-28 00:00:00.000000,15.86,16.25,15.86,16.22,2125900.0
2013-03-27 00:00:00.000000,15.85,15.87,15.44,15.86,2054000.0
2013-03-26 00:00:00.000000,15.99,16.06,15.84,16.02,2084400.0
2013-03-25 00:00:00.000000,15.9,15.99,15.72,15.9,2209500.0
2013-03-22 00:00:00.000000,16.03,16.1,15.74,15.81,2978700.0
2013-03-21 00:00:00.000000,16.33,16.42,15.83,15.94,4997700.0
2013-03-20 00:00:00.000000,16.55,16.75,16.35,16.45,3458800.0
2013-03-19 00:00:00.000000,16.55,16.64,16.18,16.4,2642300.0
2013-03-18 00:00:00.000000,16.61,16.73,16.49,16.53,1774900.0
2013-03-15 00:00:00.000000,16.93,17.02,16.66,16.83,2651600.0
2013-03-14 00:00:00.000000,16.99,17.09,16.93,17.0,2543400.0
2013-03-13 00:00:00.000000,16.89,16.98,16.66,16.93,1946100.0
2013-03-12 00:00:00.000000,16.88,16.95,16.74,16.87,2513200.0
2013-03-11 00:00:00.000000,16.98,17.03,16.79,16.9,3569800.0
2013-03-08 00:00:00.000000,17.23,17.25,17.03,17.06,1650600.0
2013-03-07 00:00:00.000000,17.15,17.2,17.04,17.15,1938100.0
2013-03-06 00:00:00.000000,17.25,17.4,17.11,17.12,2015200.0
2013-03-05 00:00:00.000000,16.87,17.48,16.86,17.19,5110300.0
2013-03-04 00:00:00.000000,16.62,16.77,16.45,16.74,2665200.0
2013-03-01 00:00:00.000000,16.64,16.78,16.42,16.62,2108400.0
2013-02-28 00:00:00.000000,16.78,17.0,16.71,16.76,1922700.0
2013-02-27 00:00:00.000000,16.48,16.86,16.44,16.81,2986800.0
2013-02-26 00:00:00.000000,16.44,16.59,16.28,16.55,2300300.0
2013-02-25 00:00:00.000000,17.01,17.15,16.33,16.34,2599600.0
2013-02-22 00:00:00.000000,16.78,17.0,16.65,16.89,1667100.0
2013-02-21 00:00:00.000000,16.85,16.87,16.53,16.68,2656000.0
2013-02-20 00:00:00.000000,17.42,17.45,16.95,16.97,2006300.0
2013-02-19 00:00:00.000000,17.31,17.53,17.23,17.42,2236700.0
2013-02-15 00:00:00.000000,17.62,17.64,17.19,17.29,2392600.0
2013-02-14 00:00:00.000000,17.3,17.66,17.3,17.65,2172700.0
2013-02-13 00:00:00.000000,17.29,17.49,17.26,17.43,2539500.0
2013-02-12 00:00:00.000000,17.17,17.37,17.14,17.3,2847900.0
2013-02-11 00:00:00.000000,17.13,17.24,16.97,17.21,2256500.0
2013-02-08 00:00:00.000000,17.0,17.29,16.93,17.18,2905600.0
2013-02-07 00:00:00.000000,17.01,17.04,16.85,16.95,4566100.0
2013-02-06 00:00:00.000000,16.79,17.06,16.64,17.0,4993300.0
2013-02-05 00:00:00.000000,16.45,16.98,16.35,16.89,4011100.0
2013-02-04 00:00:00.000000,16.53,16.69,16.25,16.25,2306900.0
2013-02-01 00:00:00.000000,16.29,16.75,16.22,16.64,3096600.0
2013-01-31 00:00:00.000000,16.2,16.27,16.08,16.16,1646800.0
2013-01-30 00:00:00.000000,16.23,16.41,16.13,16.21,2278300.0
2013-01-29 00:00:00.000000,16.23,16.3,15.9,16.28,2536500.0
2013-01-28 00:00:00.000000,16.53,16.53,16.17,16.3,3106500.0
2013-01-25 00:00:00.000000,16.16,16.62,16.08,16.56,3885400.0
2013-01-24 00:00:00.000000,15.9,16.82,15.75,16.21,9240300.0
2013-01-23 00:00:00.000000,17.07,17.16,16.85,17.03,2322100.0
2013-01-22 00:00:00.000000,17.1,17.22,16.94,17.09,2450200.0
2013-01-18 00:00:00.000000,17.11,17.29,17.0,17.13,2839900.0
2013-01-17 00:00:00.000000,16.91,17.23,16.87,17.08,3121400.0
2013-01-16 00:00:00.000000,16.69,16.83,16.62,16.78,2587500.0
2013-01-15 00:00:00.000000,16.73,16.76,16.61,16.7,3046100.0
2013-01-14 00:00:00.000000,17.05,17.08,16.71,16.84,2311200.0
2013-01-11 00:00:00.000000,16.97,17.12,16.87,17.1,2303900.0
2013-01-10 00:00:00.000000,17.12,17.14,16.84,16.96,1596100.0
2013-01-09 00:00:00.000000,17.03,17.05,16.83,17.0,1377400.0
2013-01-08 00:00:00.000000,17.1,17.14,16.9,16.95,1477900.0
2013-01-07 00:00:00.000000,17.17,17.22,16.94,17.15,1696600.0
2013-01-04 00:00:00.000000,17.27,17.37,17.13,17.3,1904500.0
2013-01-03 00:00:00.000000,17.44,17.44,17.18,17.26,2177200.0
2013-01-02 00:00:00.000000,17.28,17.49,17.18,17.49,3255700.0
2012-12-31 00:00:00.000000,16.35,16.9,16.29,16.89,2124600.0
2012-12-28 00:00:00.000000,16.43,16.63,16.35,16.42,1216800.0
2012-12-27 00:00:00.000000,16.56,16.64,16.24,16.56,2040900.0
2012-12-26 00:00:00.000000,16.63,16.89,16.54,16.54,1202700.0
2012-12-24 00:00:00.000000,16.53,16.85,16.53,16.54,1087000.0
2012-12-21 00:00:00.000000,16.56,16.75,16.39,16.75,2762600.0
2012-12-20 00:00:00.000000,16.7,16.88,16.52,16.87,1464000.0
2012-12-19 00:00:00.000000,16.77,16.85,16.67,16.69,2015500.0
2012-12-18 00:00:00.000000,16.47,16.8,16.41,16.77,2267500.0
2012-12-17 00:00:00.000000,16.59,16.68,16.28,16.47,2713600.0
2012-12-14 00:00:00.000000,16.47,16.68,16.37,16.49,1815600.0
2012-12-13 00:00:00.000000,16.57,16.64,16.24,16.33,2183700.0
2012-12-12 00:00:00.000000,16.66,16.7,16.5,16.6,5054100.0
2012-12-11 00:00:00.000000,16.43,16.63,16.38,16.6,3024700.0
2012-12-10 00:00:00.000000,15.9,16.4,15.9,16.33,3001700.0
2012-12-07 00:00:00.000000,15.96,16.0,15.77,15.84,2174000.0
2012-12-06 00:00:00.000000,15.7,15.92,15.7,15.9,1751800.0
2012-12-05 00:00:00.000000,15.78,15.88,15.54,15.73,1631000.0
2012-12-04 00:00:00.000000,15.6,15.88,15.51,15.78,1882900.0
2012-12-03 00:00:00.000000,15.78,15.8,15.51,15.57,1949100.0
2012-11-30 00:00:00.000000,15.76,15.8,15.55,15.64,1993900.0
2012-11-29 00:00:00.000000,15.77,15.92,15.51,15.76,3812200.0
2012-11-28 00:00:00.000000,15.4,15.82,15.18,15.79,1928300.0
2012-11-27 00:00:00.000000,15.62,15.78,15.52,15.56,1585400.0
2012-11-26 00:00:00.000000,15.87,16.02,15.61,15.67,1881000.0
2012-11-23 00:00:00.000000,15.51,16.03,15.51,15.93,1460100.0
2012-11-21 00:00:00.000000,15.28,15.58,15.25,15.46,1728100.0
2012-11-20 00:00:00.000000,15.29,15.47,15.13,15.29,3839300.0
2012-11-19 00:00:00.000000,15.26,15.45,15.21,15.35,1894700.0
2012-11-16 00:00:00.000000,14.91,15.09,14.68,15.03,2972600.0
2012-11-15 00:00:00.000000,15.24,15.3,14.82,14.86,2523600.0
2012-11-14 00:00:00.000000,15.55,15.68,15.19,15.23,5926800.0
2012-11-13 00:00:00.000000,15.32,15.72,15.32,15.54,1907600.0
2012-11-12 00:00:00.000000,15.53,15.72,15.45,15.68,2360200.0
2012-11-09 00:00:00.000000,15.35,15.72,15.26,15.51,3254100.0
2012-11-08 00:00:00.000000,15.53,15.66,15.36,15.39,2963900.0
2012-11-07 00:00:00.000000,15.69,15.78,15.3,15.52,3729900.0
2012-11-06 00:00:00.000000,15.72,16.15,15.7,15.93,4754700.0
2012-11-05 00:00:00.000000,15.25,15.75,15.25,15.68,4002100.0
2012-11-02 00:00:00.000000,15.37,15.49,15.15,15.31,3483000.0
2012-11-01 00:00:00.000000,14.69,15.42,14.61,15.42,3632300.0
2012-10-31 00:00:00.000000,14.53,14.63,14.3,14.62,3608200.0
2012-10-26 00:00:00.000000,14.65,14.8,14.46,14.5,4013200.0
2012-10-25 00:00:00.000000,13.84,14.98,13.65,14.73,12413200.0
2012-10-24 00:00:00.000000,13.97,14.06,13.6,13.62,5227300.0
2012-10-23 00:00:00.000000,13.93,13.97,13.74,13.8,5320200.0
2012-10-22 00:00:00.000000,14.12,14.25,14.02,14.17,2993300.0
2012-10-19 00:00:00.000000,14.16,14.3,14.01,14.12,4315700.0
2012-10-18 00:00:00.000000,14.15,14.36,14.07,14.25,2528000.0
2012-10-17 00:00:00.000000,14.07,14.31,14.03,14.16,2398800.0
2012-10-16 00:00:00.000000,13.8,14.18,13.79,14.1,1987000.0
2012-10-15 00:00:00.000000,13.66,13.78,13.4,13.73,2506800.0
2012-10-12 00:00:00.000000,13.6,13.73,13.54,13.62,2221000.0
2012-10-11 00:00:00.000000,13.61,13.81,13.55,13.68,2545100.0
2012-10-10 00:00:00.000000,13.79,13.82,13.44,13.49,2648900.0
2012-10-09 00:00:00.000000,13.96,14.03,13.67,13.79,3596000.0
2012-10-08 00:00:00.000000,13.96,14.1,13.86,14.0,2285300.0
2012-10-05 00:00:00.000000,14.19,14.38,14.01,14.07,2906300.0
2012-10-04 00:00:00.000000,14.05,14.12,13.86,14.09,4707100.0
2012-10-03 00:00:00.000000,14.18,14.21,13.93,13.97,3765800.0
2012-10-02 00:00:00.000000,14.24,14.32,14.1,14.16,3520300.0
2012-10-01 00:00:00.000000,14.3,14.3,13.95,14.14,4351200.0
2012-09-28 00:00:00.000000,14.27,14.32,14.01,14.22,3491500.0
2012-09-27 00:00:00.000000,14.17,14.5,13.93,14.43,4967900.0
2012-09-26 00:00:00.000000,14.22,14.23,13.8,14.05,5912700.0
2012-09-25 00:00:00.000000,14.52,14.69,14.28,14.32,5523200.0
2012-09-24 00:00:00.000000,14.5,14.59,14.14,14.41,4154700.0
2012-09-21 00:00:00.000000,14.77,14.9,14.58,14.6,3245800.0
2012-09-20 00:00:00.000000,14.86,14.87,14.62,14.7,3716700.0
2012-09-19 00:00:00.000000,15.09,15.13,14.75,14.98,5416600.0
2012-09-18 00:00:00.000000,15.61,15.63,15.11,15.15,6547600.0
2012-09-17 00:00:00.000000,16.29,16.31,15.56,15.67,3263400.0
2012-09-14 00:00:00.000000,16.21,16.49,16.21,16.43,3078500.0
2012-09-13 00:00:00.000000,15.82,16.21,15.49,16.2,4217600.0
2012-09-12 00:00:00.000000,15.96,16.11,15.73,15.85,2186000.0
2012-09-11 00:00:00.000000,16.05,16.15,15.87,15.89,2103300.0
2012-09-10 00:00:00.000000,16.21,16.35,16.0,16.02,2693800.0
2012-09-07 00:00:00.000000,15.87,16.28,15.75,16.28,4056100.0
2012-09-06 00:00:00.000000,15.54,16.19,15.54,15.96,2515700.0
2012-09-05 00:00:00.000000,15.55,15.6,15.3,15.43,2138700.0
2012-09-04 00:00:00.000000,15.58,15.68,15.18,15.58,1514700.0
2012-08-31 00:00:00.000000,15.6,15.71,15.35,15.62,1468200.0
2012-08-30 00:00:00.000000,15.49,15.54,15.3,15.45,1246800.0
2012-08-29 00:00:00.000000,15.69,15.79,15.51,15.62,1537100.0
2012-08-28 00:00:00.000000,15.6,15.83,15.53,15.7,2342300.0
2012-08-27 00:00:00.000000,15.8,15.8,15.51,15.6,1490100.0
2012-08-24 00:00:00.000000,15.5,15.8,15.32,15.74,2379300.0
2012-08-23 00:00:00.000000,15.62,15.71,15.46,15.55,2053700.0
2012-08-22 00:00:00.000000,15.72,15.8,15.53,15.7,2518300.0
2012-08-21 00:00:00.000000,15.73,15.94,15.69,15.79,3363500.0
2012-08-20 00:00:00.000000,15.85,15.86,15.53,15.7,2446400.0
2012-08-17 00:00:00.000000,15.83,15.95,15.73,15.94,1844400.0
2012-08-16 00:00:00.000000,15.48,15.95,15.45,15.89,2768300.0
2012-08-15 00:00:00.000000,15.25,15.53,15.23,15.43,1260500.0
2012-08-14 00:00:00.000000,15.59,15.72,15.23,15.28,1879700.0
2012-08-13 00:00:00.000000,15.51,15.57,15.33,15.52,2486200.0
2012-08-10 00:00:00.000000,15.47,15.61,15.36,15.59,1766200.0
2012-08-09 00:00:00.000000,15.35,15.59,15.34,15.49,2132000.0
2012-08-08 00:00:00.000000,15.27,15.59,15.26,15.37,2325400.0
2012-08-07 00:00:00.000000,14.97,15.44,14.97,15.35,2767400.0
2012-08-06 00:00:00.000000,14.89,15.02,14.85,14.86,2076500.0
2012-08-03 00:00:00.000000,14.79,14.92,14.48,14.8,3334400.0
2012-08-02 00:00:00.000000,14.3,14.61,14.04,14.36,3072500.0
2012-08-01 00:00:00.000000,14.84,14.9,14.39,14.49,2945200.0
2012-07-31 00:00:00.000000,14.64,14.84,14.51,14.71,3490300.0
2012-07-30 00:00:00.000000,14.95,15.04,14.57,14.63,4165600.0
2012-07-27 00:00:00.000000,14.95,15.12,14.74,14.97,3825700.0
2012-07-26 00:00:00.000000,13.89,15.02,13.86,14.85,8570700.0
2012-07-25 00:00:00.000000,13.32,13.66,13.25,13.45,2935100.0
2012-07-24 00:00:00.000000,13.36,13.43,13.1,13.23,2512300.0
2012-07-23 00:00:00.000000,13.35,13.45,13.09,13.38,2334900.0
2012-07-20 00:00:00.000000,13.69,13.78,13.5,13.64,2303100.0
2012-07-19 00:00:00.000000,13.74,13.99,13.66,13.82,3861700.0
2012-07-18 00:00:00.000000,13.18,13.82,13.17,13.63,2582300.0
2012-07-17 00:00:00.000000,13.18,13.3,12.98,13.23,2155000.0
2012-07-16 00:00:00.000000,13.14,13.25,13.0,13.1,1695700.0
2012-07-13 00:00:00.000000,13.11,13.33,13.08,13.21,3299400.0
2012-07-12 00:00:00.000000,13.11,13.2,12.95,13.05,2659600.0
2012-07-11 00:00:00.000000,13.2,13.39,13.07,13.25,3066300.0
2012-07-10 00:00:00.000000,13.36,13.69,12.99,13.16,2743200.0
2012-07-09 00:00:00.000000,13.6,13.69,13.19,13.44,3506300.0
2012-07-06 00:00:00.000000,14.19,14.21,13.51,13.67,3572800.0
2012-07-05 00:00:00.000000,14.33,14.45,14.16,14.39,2612000.0
2012-07-03 00:00:00.000000,14.02,14.35,13.92,14.35,1260800.0
2012-07-02 00:00:00.000000,14.1,14.15,13.79,14.01,2740600.0
2012-06-29 00:00:00.000000,13.78,14.17,13.69,14.06,3009500.0
2012-06-28 00:00:00.000000,13.69,13.78,13.18,13.44,3524400.0
2012-06-27 00:00:00.000000,13.77,13.93,13.69,13.86,2116400.0
2012-06-26 00:00:00.000000,13.74,13.85,13.51,13.7,2239000.0
2012-06-25 00:00:00.000000,14.07,14.09,13.6,13.68,2422700.0
2012-06-22 00:00:00.000000,14.16,14.38,14.1,14.31,2265300.0
2012-06-21 00:00:00.000000,14.86,14.96,14.05,14.1,3455900.0
2012-06-20 00:00:00.000000,14.76,14.99,14.65,14.82,2800000.0
2012-06-19 00:00:00.000000,14.6,14.89,14.53,14.75,2683600.0
2012-06-18 00:00:00.000000,14.32,14.56,14.26,14.48,1965000.0
2012-06-15 00:00:00.000000,14.23,14.49,14.1,14.46,2879300.0
2012-06-14 00:00:00.000000,14.04,14.22,13.8,14.13,3789100.0
2012-06-13 00:00:00.000000,14.05,14.16,13.92,14.02,4753000.0
2012-06-12 00:00:00.000000,13.95,14.11,13.78,14.1,2620700.0
2012-06-11 00:00:00.000000,14.46,14.5,13.84,13.88,2794900.0
2012-06-08 00:00:00.000000,13.99,14.4,13.84,14.38,3049000.0
2012-06-07 00:00:00.000000,14.53,14.59,14.02,14.06,2342000.0
2012-06-06 00:00:00.000000,13.99,14.41,13.98,14.24,2880000.0
2012-06-05 00:00:00.000000,13.49,13.92,13.46,13.88,3213500.0
2012-06-04 00:00:00.000000,13.69,13.82,13.37,13.59,2695600.0
2012-06-01 00:00:00.000000,14.1,14.14,13.51,13.61,5723900.0
2012-05-31 00:00:00.000000,14.7,14.75,14.13,14.45,4844900.0
2012-05-30 00:00:00.000000,14.93,14.93,14.64,14.76,2678900.0
2012-05-29 00:00:00.000000,14.99,15.24,14.96,15.14,2327900.0
2012-05-25 00:00:00.000000,14.73,14.97,14.73,14.79,2829800.0
2012-05-24 00:00:00.000000,15.01,15.01,14.67,14.76,3216400.0
2012-05-23 00:00:00.000000,14.99,15.05,14.48,14.99,5600000.0
2012-05-22 00:00:00.000000,14.67,14.76,14.49,14.59,2207600.0
2012-05-21 00:00:00.000000,14.38,14.8,14.35,14.64,2855300.0
2012-05-18 00:00:00.000000,14.62,14.73,14.26,14.32,3459700.0
2012-05-17 00:00:00.000000,15.03,15.14,14.59,14.59,2099800.0
2012-05-16 00:00:00.000000,15.45,15.55,15.01,15.02,3232000.0
2012-05-15 00:00:00.000000,15.57,15.79,15.36,15.42,3195800.0
2012-05-14 00:00:00.000000,15.47,15.74,15.33,15.6,2127300.0
2012-05-11 00:00:00.000000,15.49,16.07,15.47,15.71,2829000.0
2012-05-10 00:00:00.000000,15.83,15.88,15.47,15.62,2669100.0
2012-05-09 00:00:00.000000,15.55,15.81,15.37,15.67,2349200.0
2012-05-08 00:00:00.000000,15.87,15.87,15.31,15.82,3545500.0
2012-05-07 00:00:00.000000,16.05,16.14,15.93,16.03,1916900.0
2012-05-04 00:00:00.000000,16.41,16.51,15.92,16.13,3433600.0
2012-05-03 00:00:00.000000,17.02,17.16,16.54,16.55,1924700.0
2012-05-02 00:00:00.000000,17.11,17.17,16.87,17.06,2353100.0
2012-05-01 00:00:00.000000,17.05,17.46,16.94,17.21,4425000.0
2012-04-30 00:00:00.000000,17.4,17.45,17.17,17.21,2055900.0
2012-04-27 00:00:00.000000,17.3,17.54,17.07,17.39,3848800.0
2012-04-26 00:00:00.000000,17.57,18.01,17.1,17.2,11012200.0
2012-04-25 00:00:00.000000,16.39,16.94,16.39,16.83,5520300.0
2012-04-24 00:00:00.000000,16.21,16.27,16.03,16.03,2647000.0
2012-04-23 00:00:00.000000,16.05,16.2,15.87,16.14,1885100.0
2012-04-20 00:00:00.000000,16.65,16.72,16.3,16.3,2788700.0
2012-04-19 00:00:00.000000,16.72,17.02,16.45,16.57,2333000.0
2012-04-18 00:00:00.000000,16.68,16.84,16.57,16.74,2257400.0
2012-04-17 00:00:00.000000,16.41,16.86,16.4,16.83,2411400.0
2012-04-16 00:00:00.000000,16.49,16.54,16.13,16.29,3077100.0
2012-04-13 00:00:00.000000,16.67,16.78,16.29,16.29,1374600.0
2012-04-12 00:00:00.000000,16.2,16.79,16.11,16.78,2493600.0
2012-04-11 00:00:00.000000,15.88,16.18,15.8,16.11,2720300.0
2012-04-10 00:00:00.000000,16.01,16.14,15.67,15.67,2949000.0
2012-04-09 00:00:00.000000,16.05,16.1,15.85,16.08,2443300.0
2012-04-05 00:00:00.000000,16.08,16.43,15.94,16.42,4112000.0
2012-04-04 00:00:00.000000,16.46,16.5,16.1,16.17,3917600.0
2012-04-03 00:00:00.000000,16.91,16.99,16.62,16.66,1878200.0
2012-04-02 00:00:00.000000,16.79,17.05,16.51,17.02,2095600.0
2012-03-30 00:00:00.000000,16.86,16.9,16.53,16.89,2523700.0
2012-03-29 00:00:00.000000,16.62,16.79,16.43,16.74,2248300.0
2012-03-28 00:00:00.000000,17.18,17.19,16.68,16.76,2568900.0
2012-03-27 00:00:00.000000,17.17,17.39,17.16,17.24,2848100.0
2012-03-26 00:00:00.000000,17.02,17.32,16.97,17.18,2586200.0
2012-03-23 00:00:00.000000,16.7,16.85,16.53,16.82,1277300.0
2012-03-22 00:00:00.000000,16.75,16.88,16.51,16.74,2507500.0
2012-03-21 00:00:00.000000,16.85,17.03,16.82,16.87,2140700.0
2012-03-20 00:00:00.000000,16.86,16.96,16.65,16.83,2054500.0
2012-03-19 00:00:00.000000,16.95,17.15,16.79,17.04,1990400.0
2012-03-16 00:00:00.000000,16.86,17.14,16.75,17.05,4283100.0
2012-03-15 00:00:00.000000,16.6,16.9,16.57,16.84,3644100.0
2012-03-14 00:00:00.000000,16.64,16.77,16.42,16.48,2069500.0
2012-03-13 00:00:00.000000,16.17,16.65,16.12,16.64,3981000.0
2012-03-12 00:00:00.000000,16.26,16.26,15.92,16.11,2023400.0
2012-03-09 00:00:00.000000,15.88,16.26,15.78,16.21,2335700.0
2012-03-08 00:00:00.000000,15.91,16.08,15.85,15.9,3861600.0
2012-03-07 00:00:00.000000,15.27,15.75,15.23,15.74,4575400.0
2012-03-06 00:00:00.000000,15.07,15.25,15.06,15.14,4628200.0
2012-03-05 00:00:00.000000,16.11,16.15,15.21,15.31,6580000.0
2012-03-02 00:00:00.000000,16.32,16.48,16.01,16.11,3430400.0
2012-03-01 00:00:00.000000,16.51,16.61,16.24,16.32,1936300.0
2012-02-29 00:00:00.000000,16.8,16.82,16.29,16.42,2734000.0
2012-02-28 00:00:00.000000,16.57,16.99,16.5,16.79,2508500.0
2012-02-27 00:00:00.000000,16.19,16.78,16.14,16.53,2845000.0
2012-02-24 00:00:00.000000,16.59,16.65,16.31,16.38,1545700.0
2012-02-23 00:00:00.000000,16.22,16.62,16.02,16.58,3166600.0
2012-02-22 00:00:00.000000,16.44,16.58,16.15,16.23,3946800.0
2012-02-21 00:00:00.000000,17.04,17.04,16.41,16.54,3299500.0
2012-02-17 00:00:00.000000,17.4,17.49,17.0,17.01,3323600.0
2012-02-16 00:00:00.000000,16.82,17.46,16.79,17.3,5285000.0
2012-02-15 00:00:00.000000,16.9,17.03,16.72,16.8,4692600.0
2012-02-14 00:00:00.000000,16.42,16.83,16.38,16.8,4254800.0
2012-02-13 00:00:00.000000,16.69,16.78,16.31,16.48,2638700.0
2012-02-10 00:00:00.000000,16.67,16.74,16.44,16.5,2458000.0
2012-02-09 00:00:00.000000,16.83,16.94,16.73,16.78,2607600.0
2012-02-08 00:00:00.000000,16.59,17.0,16.58,16.78,3812700.0
2012-02-07 00:00:00.000000,16.58,16.68,16.45,16.6,4239200.0
2012-02-06 00:00:00.000000,16.83,16.87,16.59,16.68,3253900.0
2012-02-03 00:00:00.000000,17.04,17.13,16.85,17.03,3531100.0
2012-02-02 00:00:00.000000,16.62,16.95,16.62,16.78,4427100.0
2012-02-01 00:00:00.000000,16.53,16.84,16.5,16.52,5385300.0
2012-01-31 00:00:00.000000,16.55,16.77,16.25,16.35,3582600.0
2012-01-30 00:00:00.000000,16.7,16.7,16.26,16.51,6496600.0
2012-01-27 00:00:00.000000,16.44,17.0,16.39,16.95,6306500.0
2012-01-26 00:00:00.000000,17.25,17.5,16.29,16.41,14683500.0
2012-01-25 00:00:00.000000,16.29,16.33,16.03,16.13,7331400.0
2012-01-24 00:00:00.000000,15.98,16.49,15.98,16.3,7087700.0
2012-01-23 00:00:00.000000,16.13,16.24,15.93,16.1,6302800.0
2012-01-20 00:00:00.000000,16.04,16.17,15.98,16.14,4378800.0
2012-01-19 00:00:00.000000,15.75,16.15,15.69,16.12,5559600.0
2012-01-18 00:00:00.000000,15.2,15.97,15.08,15.77,7104800.0
2012-01-17 00:00:00.000000,14.91,15.22,14.86,15.17,4370500.0
2012-01-13 00:00:00.000000,14.92,14.98,14.72,14.84,3015900.0
2012-01-12 00:00:00.000000,15.22,15.25,14.91,15.07,4814600.0
2012-01-11 00:00:00.000000,14.96,15.22,14.95,15.11,3375700.0
2012-01-10 00:00:00.000000,15.09,15.15,14.92,15.04,5715600.0
2012-01-09 00:00:00.000000,14.68,14.99,14.54,14.89,5594200.0
2012-01-06 00:00:00.000000,14.6,14.78,14.49,14.63,3583900.0
2012-01-05 00:00:00.000000,14.08,14.66,13.99,14.62,6030700.0
2012-01-04 00:00:00.000000,13.66,14.31,13.53,14.18,5365000.0
2012-01-03 00:00:00.000000,13.95,14.03,13.73,13.75,4792900.0
2011-12-30 00:00:00.000000,13.53,13.72,13.46,13.63,1709700.0
2011-12-29 00:00:00.000000,13.35,13.54,13.22,13.49,1611900.0
2011-12-28 00:00:00.000000,13.63,13.71,13.22,13.24,3054400.0
2011-12-27 00:00:00.000000,13.66,13.84,13.63,13.63,1773400.0
2011-12-23 00:00:00.000000,13.72,13.76,13.41,13.75,2917400.0
2011-12-22 00:00:00.000000,13.53,13.82,13.42,13.69,3078700.0
2011-12-21 00:00:00.000000,13.5,13.53,12.99,13.42,3572200.0
2011-12-20 00:00:00.000000,13.09,13.63,13.09,13.56,3338200.0
2011-12-19 00:00:00.000000,13.28,13.34,12.77,12.81,8213100.0
2011-12-16 00:00:00.000000,12.93,13.33,12.85,13.2,4614500.0
2011-12-15 00:00:00.000000,13.24,13.36,12.73,12.87,6792900.0
2011-12-14 00:00:00.000000,13.13,13.26,12.82,12.88,4097800.0
2011-12-13 00:00:00.000000,13.78,13.85,13.16,13.26,4990600.0
2011-12-12 00:00:00.000000,13.86,13.86,13.49,13.72,3712800.0
2011-12-09 00:00:00.000000,13.54,14.18,13.34,14.12,5029400.0
2011-12-08 00:00:00.000000,13.46,13.66,13.27,13.38,3557100.0
2011-12-07 00:00:00.000000,13.43,13.69,13.31,13.63,2411800.0
2011-12-06 00:00:00.000000,13.55,13.77,13.48,13.61,2719000.0
2011-12-05 00:00:00.000000,13.43,13.69,13.33,13.49,2860600.0
2011-12-02 00:00:00.000000,13.5,13.71,13.16,13.16,3558900.0
2011-12-01 00:00:00.000000,13.4,13.64,13.2,13.37,4701500.0
2011-11-30 00:00:00.000000,12.53,13.49,12.43,13.46,6941700.0
2011-11-29 00:00:00.000000,12.25,12.27,11.92,12.08,3305100.0
2011-11-28 00:00:00.000000,12.17,12.22,11.97,12.11,3654400.0
2011-11-25 00:00:00.000000,11.79,12.03,11.68,11.68,1182400.0
2011-11-23 00:00:00.000000,12.14,12.24,11.8,11.82,4787700.0
2011-11-22 00:00:00.000000,12.88,13.0,12.27,12.3,5190000.0
2011-11-21 00:00:00.000000,12.82,13.03,12.62,12.87,4166100.0
2011-11-18 00:00:00.000000,13.61,13.73,13.14,13.17,3780900.0
2011-11-17 00:00:00.000000,14.2,14.22,13.32,13.54,4526000.0
2011-11-16 00:00:00.000000,14.29,14.6,14.15,14.29,3567500.0
2011-11-15 00:00:00.000000,14.06,14.59,14.05,14.55,2953900.0
2011-11-14 00:00:00.000000,14.28,14.38,13.99,14.16,2188900.0
2011-11-11 00:00:00.000000,13.97,14.34,13.97,14.3,2241300.0
2011-11-10 00:00:00.000000,14.02,14.02,13.6,13.83,2289600.0
2011-11-09 00:00:00.000000,14.05,14.19,13.75,13.8,2917900.0
2011-11-08 00:00:00.000000,14.45,14.59,14.17,14.45,5200600.0
2011-11-07 00:00:00.000000,14.3,14.53,14.03,14.3,4126800.0
2011-11-04 00:00:00.000000,14.45,14.74,14.27,14.58,3152700.0
2011-11-03 00:00:00.000000,14.26,14.61,13.81,14.58,4750600.0
2011-11-02 00:00:00.000000,13.89,14.15,13.71,14.03,3218600.0
2011-11-01 00:00:00.000000,13.75,13.92,13.4,13.64,6566700.0
2011-10-31 00:00:00.000000,14.84,14.9,14.21,14.32,4798700.0
2011-10-28 00:00:00.000000,14.42,15.05,14.35,15.02,5266900.0
2011-10-27 00:00:00.000000,14.11,14.7,14.0,14.58,6547700.0
2011-10-26 00:00:00.000000,13.77,13.89,13.43,13.65,5970300.0
2011-10-25 00:00:00.000000,14.06,14.06,13.53,13.57,5009600.0
2011-10-24 00:00:00.000000,13.63,14.36,13.62,14.2,4501200.0
2011-10-21 00:00:00.000000,13.62,13.82,13.15,13.56,5610100.0
2011-10-20 00:00:00.000000,12.74,13.51,12.44,13.35,8527600.0
2011-10-19 00:00:00.000000,12.84,13.08,12.73,12.81,4335800.0
2011-10-18 00:00:00.000000,12.55,12.94,12.32,12.9,4336800.0
2011-10-17 00:00:00.000000,12.85,12.88,12.45,12.54,2780200.0
2011-10-14 00:00:00.000000,13.17,13.17,12.68,12.96,3307800.0
2011-10-13 00:00:00.000000,12.78,13.04,12.67,12.92,3410400.0
2011-10-12 00:00:00.000000,12.53,13.21,12.51,12.89,4456400.0
2011-10-11 00:00:00.000000,12.44,12.5,12.25,12.42,2881800.0
2011-10-10 00:00:00.000000,12.26,12.67,12.23,12.53,2681000.0
2011-10-07 00:00:00.000000,12.21,12.48,11.93,12.05,3709200.0
2011-10-06 00:00:00.000000,11.57,12.15,11.36,12.14,3839500.0
2011-10-05 00:00:00.000000,11.11,11.71,10.85,11.64,4253100.0
2011-10-04 00:00:00.000000,10.44,11.19,10.37,11.09,6400000.0
2011-10-03 00:00:00.000000,10.9,11.17,10.52,10.55,4719200.0
2011-09-30 00:00:00.000000,11.11,11.41,11.01,11.01,4879100.0
2011-09-29 00:00:00.000000,11.49,11.55,10.96,11.17,4856100.0
2011-09-28 00:00:00.000000,11.83,11.86,11.2,11.25,2960100.0
2011-09-27 00:00:00.000000,11.65,12.14,11.51,11.75,3479600.0
2011-09-26 00:00:00.000000,11.53,11.55,10.86,11.39,4159600.0
2011-09-23 00:00:00.000000,11.07,11.65,11.02,11.41,4787900.0
2011-09-22 00:00:00.000000,11.38,11.4,11.0,11.23,4788000.0
2011-09-21 00:00:00.000000,12.15,12.34,11.73,11.75,4278600.0
2011-09-20 00:00:00.000000,12.51,12.65,12.15,12.19,2374800.0
2011-09-19 00:00:00.000000,12.55,12.6,12.2,12.49,3311000.0
2011-09-16 00:00:00.000000,12.66,12.82,12.52,12.77,2913800.0
2011-09-15 00:00:00.000000,12.79,12.9,12.44,12.62,5329700.0
2011-09-14 00:00:00.000000,12.34,12.76,12.15,12.6,3913400.0
2011-09-13 00:00:00.000000,11.86,12.27,11.8,12.17,3253300.0
2011-09-12 00:00:00.000000,11.37,11.84,11.37,11.82,3484500.0
2011-09-09 00:00:00.000000,11.53,11.88,11.43,11.52,3017800.0
2011-09-08 00:00:00.000000,11.94,12.3,11.64,11.7,2378500.0
2011-09-07 00:00:00.000000,11.41,12.06,11.41,11.98,3075000.0
2011-09-06 00:00:00.000000,11.05,11.31,10.93,11.16,3922100.0
2011-09-02 00:00:00.000000,11.6,11.76,11.38,11.49,1998000.0
2011-09-01 00:00:00.000000,12.06,12.27,11.84,11.87,2981300.0
2011-08-31 00:00:00.000000,12.36,12.49,12.0,12.1,3856000.0
2011-08-30 00:00:00.000000,12.24,12.37,12.06,12.26,2685000.0
2011-08-29 00:00:00.000000,12.0,12.33,12.0,12.31,2212500.0
2011-08-26 00:00:00.000000,11.26,11.89,11.13,11.84,3599600.0
2011-08-25 00:00:00.000000,11.51,11.62,11.23,11.34,4572100.0
2011-08-24 00:00:00.000000,11.51,11.65,11.19,11.47,4546700.0
2011-08-23 00:00:00.000000,11.01,11.62,11.0,11.54,4269900.0
2011-08-22 00:00:00.000000,11.17,11.27,10.9,10.91,3001000.0
2011-08-19 00:00:00.000000,10.91,11.38,10.76,10.9,4846600.0
2011-08-18 00:00:00.000000,11.53,11.53,10.95,11.04,4113200.0
2011-08-17 00:00:00.000000,11.95,12.26,11.81,11.91,4047800.0
2011-08-16 00:00:00.000000,12.32,12.34,11.78,11.87,4827700.0
2011-08-15 00:00:00.000000,12.05,12.47,12.0,12.47,4072600.0
2011-08-12 00:00:00.000000,11.94,12.19,11.75,11.93,3485800.0
2011-08-11 00:00:00.000000,11.39,11.99,11.36,11.82,5970600.0
2011-08-10 00:00:00.000000,11.46,11.75,11.02,11.27,8030300.0
2011-08-09 00:00:00.000000,11.5,11.86,11.01,11.81,8324800.0
2011-08-08 00:00:00.000000,11.52,11.74,11.0,11.21,8673600.0
2011-08-05 00:00:00.000000,12.3,12.53,11.45,11.89,8659300.0
2011-08-04 00:00:00.000000,12.7,12.7,12.07,12.07,5792500.0
2011-08-03 00:00:00.000000,12.66,13.01,12.54,12.91,5046600.0
2011-08-02 00:00:00.000000,13.31,13.37,12.71,12.72,5440200.0
2011-08-01 00:00:00.000000,13.67,13.87,13.13,13.49,3704100.0
2011-07-29 00:00:00.000000,13.41,13.76,13.19,13.49,4110800.0
2011-07-28 00:00:00.000000,12.66,14.01,12.55,13.61,6706900.0
2011-07-27 00:00:00.000000,14.24,14.24,13.62,13.76,3355000.0
2011-07-26 00:00:00.000000,14.34,14.57,14.27,14.39,2100100.0
2011-07-25 00:00:00.000000,14.48,14.54,14.17,14.32,2841500.0
2011-07-22 00:00:00.000000,14.26,14.73,14.14,14.69,3178400.0
2011-07-21 00:00:00.000000,13.83,14.34,13.69,14.24,4181000.0
2011-07-20 00:00:00.000000,14.07,14.11,13.75,13.83,2137500.0
2011-07-19 00:00:00.000000,13.67,14.01,13.64,13.98,3772700.0
2011-07-18 00:00:00.000000,13.59,13.66,13.21,13.48,2670300.0
2011-07-15 00:00:00.000000,13.71,13.74,13.43,13.69,2801600.0
2011-07-14 00:00:00.000000,13.87,14.08,13.45,13.61,3609600.0
2011-07-13 00:00:00.000000,13.86,14.12,13.77,13.8,3908300.0
2011-07-12 00:00:00.000000,14.22,14.25,13.51,13.74,6784800.0
2011-07-11 00:00:00.000000,14.67,14.89,14.38,14.42,2895800.0
2011-07-08 00:00:00.000000,14.94,14.96,14.68,14.91,2097800.0
2011-07-07 00:00:00.000000,14.99,15.3,14.94,15.19,2774900.0
2011-07-06 00:00:00.000000,14.93,14.95,14.69,14.81,2236900.0
2011-07-05 00:00:00.000000,15.17,15.17,14.85,15.05,2163800.0
2011-07-01 00:00:00.000000,14.78,15.2,14.57,15.18,3130400.0
2011-06-30 00:00:00.000000,14.56,14.92,14.55,14.8,1909000.0
2011-06-29 00:00:00.000000,14.6,14.64,14.32,14.52,1923200.0
2011-06-28 00:00:00.000000,14.33,14.51,14.23,14.5,2467900.0
2011-06-27 00:00:00.000000,14.18,14.38,13.99,14.32,2405100.0
2011-06-24 00:00:00.000000,14.34,14.34,13.99,14.13,5142900.0
2011-06-23 00:00:00.000000,13.94,14.37,13.75,14.36,3756000.0
2011-06-22 00:00:00.000000,14.06,14.35,14.0,14.18,3205300.0
2011-06-21 00:00:00.000000,13.7,14.2,13.65,14.15,3128300.0
2011-06-20 00:00:00.000000,13.72,13.92,13.51,13.61,4941800.0
2011-06-17 00:00:00.000000,14.06,14.08,13.58,13.78,2988000.0
2011-06-16 00:00:00.000000,14.07,14.25,13.64,13.8,3016500.0
2011-06-15 00:00:00.000000,14.21,14.39,14.02,14.06,4082100.0
2011-06-14 00:00:00.000000,14.2,14.45,14.18,14.37,2343100.0
2011-06-13 00:00:00.000000,14.26,14.27,13.85,13.94,4186200.0
2011-06-10 00:00:00.000000,14.56,14.59,14.07,14.21,4296600.0
2011-06-09 00:00:00.000000,14.58,14.78,14.32,14.59,2304800.0
2011-06-08 00:00:00.000000,14.73,14.76,14.44,14.52,2932900.0
2011-06-07 00:00:00.000000,14.92,15.11,14.8,14.8,2829200.0
2011-06-06 00:00:00.000000,14.95,15.06,14.8,14.83,2529400.0
2011-06-03 00:00:00.000000,15.19,15.4,14.92,14.93,4014000.0
2011-06-02 00:00:00.000000,15.55,15.77,15.39,15.45,2999900.0
2011-06-01 00:00:00.000000,15.95,15.97,15.5,15.52,3226100.0
2011-05-31 00:00:00.000000,15.76,16.01,15.68,16.01,3507800.0
2011-05-27 00:00:00.000000,15.53,15.68,15.48,15.63,2423000.0
2011-05-26 00:00:00.000000,15.48,15.55,15.28,15.44,2889000.0
2011-05-25 00:00:00.000000,15.31,15.58,15.21,15.51,2552700.0
2011-05-24 00:00:00.000000,15.61,15.71,15.29,15.36,1815400.0
2011-05-23 00:00:00.000000,15.38,15.64,15.27,15.56,3101500.0
2011-05-20 00:00:00.000000,15.97,16.04,15.69,15.84,2887700.0
2011-05-19 00:00:00.000000,15.86,16.09,15.59,16.05,5245900.0
2011-05-18 00:00:00.000000,15.54,15.93,15.47,15.78,4022200.0
2011-05-17 00:00:00.000000,15.74,15.78,15.28,15.49,3556700.0
2011-05-16 00:00:00.000000,16.12,16.33,15.74,15.8,2840400.0
2011-05-13 00:00:00.000000,16.15,16.47,16.04,16.18,2787500.0
2011-05-12 00:00:00.000000,16.12,16.35,15.88,16.15,3500000.0
2011-05-11 00:00:00.000000,16.6,16.62,16.07,16.18,3201000.0
2011-05-10 00:00:00.000000,16.44,16.75,16.33,16.63,3776400.0
2011-05-09 00:00:00.000000,16.11,16.57,16.06,16.36,5727400.0
2011-05-06 00:00:00.000000,16.24,16.3,15.94,16.09,2654200.0
2011-05-05 00:00:00.000000,15.81,16.44,15.75,15.94,5990200.0
2011-05-04 00:00:00.000000,15.93,16.17,15.52,15.9,6313000.0
2011-05-03 00:00:00.000000,15.79,16.03,15.49,15.7,4155300.0
2011-05-02 00:00:00.000000,16.15,16.21,15.75,15.82,4711200.0
2011-04-29 00:00:00.000000,16.01,16.22,15.92,16.1,4300000.0
2011-04-28 00:00:00.000000,16.9,17.04,15.51,16.03,17319200.0
2011-04-27 00:00:00.000000,18.31,18.42,18.03,18.29,3148800.0
2011-04-26 00:00:00.000000,17.88,18.34,17.85,18.22,3100000.0
2011-04-25 00:00:00.000000,17.76,17.98,17.66,17.76,2776000.0
2011-04-21 00:00:00.000000,17.89,17.93,17.64,17.81,3339600.0
2011-04-20 00:00:00.000000,17.62,17.81,17.39,17.77,4293800.0
2011-04-19 00:00:00.000000,16.83,16.89,16.61,16.79,4333400.0
2011-04-18 00:00:00.000000,16.87,16.9,16.55,16.8,3661200.0
2011-04-15 00:00:00.000000,16.9,17.2,16.7,17.12,3011000.0
2011-04-14 00:00:00.000000,16.84,16.92,16.59,16.88,4258100.0
2011-04-13 00:00:00.000000,16.96,17.27,16.78,17.02,4043900.0
2011-04-12 00:00:00.000000,17.57,17.59,16.71,16.78,6503600.0
2011-04-11 00:00:00.000000,18.18,18.18,17.61,17.67,4026600.0
2011-04-08 00:00:00.000000,18.58,18.68,17.79,17.95,3584600.0
2011-04-07 00:00:00.000000,18.43,18.59,18.15,18.48,5484500.0
2011-04-06 00:00:00.000000,18.55,18.64,18.09,18.5,4470400.0
2011-04-05 00:00:00.000000,18.03,18.58,17.76,18.4,5638000.0
2011-04-04 00:00:00.000000,17.97,18.0,17.55,17.8,3019900.0
2011-04-01 00:00:00.000000,17.97,18.09,17.75,17.84,2846900.0
2011-03-31 00:00:00.000000,17.96,18.17,17.77,17.81,3415100.0
2011-03-30 00:00:00.000000,18.13,18.25,17.86,17.96,5259600.0
2011-03-29 00:00:00.000000,17.82,18.02,17.63,17.96,2848300.0
2011-03-28 00:00:00.000000,18.15,18.27,17.89,17.89,2276800.0
2011-03-25 00:00:00.000000,18.18,18.33,17.92,18.06,2796100.0
2011-03-24 00:00:00.000000,17.74,18.21,17.54,18.08,3825100.0
2011-03-23 00:00:00.000000,17.32,17.62,17.0,17.57,2751000.0
2011-03-22 00:00:00.000000,17.57,17.57,17.13,17.31,3039300.0
2011-03-21 00:00:00.000000,17.29,17.85,17.26,17.58,3983500.0
2011-03-18 00:00:00.000000,17.33,17.36,16.82,16.94,3922200.0
2011-03-17 00:00:00.000000,16.76,17.34,16.71,16.99,3851600.0
2011-03-16 00:00:00.000000,16.92,17.23,16.23,16.47,5879300.0
2011-03-15 00:00:00.000000,16.3,17.14,16.07,16.99,4778900.0
2011-03-14 00:00:00.000000,16.82,17.21,16.65,17.09,4600800.0
2011-03-11 00:00:00.000000,16.91,17.21,16.78,16.99,4381000.0
2011-03-10 00:00:00.000000,17.16,17.37,16.78,16.97,5563700.0
2011-03-09 00:00:00.000000,18.18,18.2,17.37,17.46,6267800.0
2011-03-08 00:00:00.000000,18.05,18.49,17.67,18.26,5065300.0
2011-03-07 00:00:00.000000,18.73,18.8,17.54,17.96,8284800.0
2011-03-04 00:00:00.000000,18.99,19.19,18.72,18.98,3559900.0
2011-03-03 00:00:00.000000,19.04,19.18,18.75,19.07,4732000.0
2011-03-02 00:00:00.000000,18.18,18.89,18.12,18.62,4427000.0
2011-03-01 00:00:00.000000,18.81,18.95,18.12,18.19,4670600.0
2011-02-28 00:00:00.000000,18.76,19.08,18.37,18.63,5526200.0
2011-02-25 00:00:00.000000,18.33,18.8,18.3,18.65,3368700.0
2011-02-24 00:00:00.000000,17.83,18.35,17.64,18.16,5490700.0
2011-02-23 00:00:00.000000,18.23,18.23,17.42,17.87,5590200.0
2011-02-22 00:00:00.000000,18.63,18.63,18.02,18.08,7898100.0
2011-02-18 00:00:00.000000,19.01,19.11,18.82,18.92,3387700.0
2011-02-17 00:00:00.000000,18.79,19.11,18.59,18.92,5763600.0
2011-02-16 00:00:00.000000,18.05,19.0,17.94,18.92,9124800.0
2011-02-15 00:00:00.000000,18.12,18.13,17.68,17.87,11942100.0
2011-02-14 00:00:00.000000,18.03,18.3,17.95,18.2,6268400.0
2011-02-11 00:00:00.000000,17.93,18.21,17.84,18.02,3313200.0
2011-02-10 00:00:00.000000,17.83,18.0,17.65,17.98,5698200.0
2011-02-09 00:00:00.000000,17.87,18.24,17.81,17.96,7586600.0
2011-02-08 00:00:00.000000,17.96,18.12,17.7,17.99,5745000.0
2011-02-07 00:00:00.000000,18.2,18.35,17.79,17.92,7917200.0
2011-02-04 00:00:00.000000,17.35,18.12,17.35,17.79,8695900.0
2011-02-03 00:00:00.000000,17.17,17.46,17.12,17.36,5748000.0
2011-02-02 00:00:00.000000,17.08,17.57,16.83,17.25,7392700.0
2011-02-01 00:00:00.000000,16.83,17.38,16.79,17.0,11393300.0
2011-01-31 00:00:00.000000,16.22,16.74,16.2,16.68,6638000.0
2011-01-28 00:00:00.000000,16.5,16.67,16.06,16.23,7089600.0
2011-01-27 00:00:00.000000,16.28,16.69,15.88,16.35,19659300.0
2011-01-26 00:00:00.000000,14.72,14.83,14.37,14.63,7438400.0
2011-01-25 00:00:00.000000,14.27,14.35,13.96,14.14,3275500.0
2011-01-24 00:00:00.000000,13.77,14.39,13.72,14.3,3786700.0
2011-01-21 00:00:00.000000,14.0,14.1,13.71,13.75,4367400.0
2011-01-20 00:00:00.000000,14.09,14.1,13.62,13.86,6000200.0
2011-01-19 00:00:00.000000,14.54,14.55,14.1,14.17,4259600.0
2011-01-18 00:00:00.000000,14.55,14.64,14.28,14.5,4898900.0
2011-01-14 00:00:00.000000,13.95,14.74,13.95,14.7,5493400.0
2011-01-13 00:00:00.000000,14.01,14.23,13.96,14.02,3839600.0
2011-01-12 00:00:00.000000,13.79,14.0,13.73,13.95,3091800.0
2011-01-11 00:00:00.000000,13.7,13.8,13.59,13.66,3521500.0
2011-01-10 00:00:00.000000,13.56,13.71,13.45,13.64,3293700.0
2011-01-07 00:00:00.000000,13.52,13.89,13.38,13.7,4428300.0
2011-01-06 00:00:00.000000,13.51,13.59,13.38,13.52,8149800.0
2011-01-05 00:00:00.000000,13.59,13.61,13.45,13.48,5896500.0
2011-01-04 00:00:00.000000,13.83,13.85,13.56,13.71,4052000.0
2011-01-03 00:00:00.000000,14.13,14.13,13.68,13.71,6904100.0
